    0.000000    0.280229    0.560457    0.840686    1.120914    1.401143    1.681372    1.961600    2.241829    2.522057    2.802286    3.082515    3.362743    3.642972    3.923200    4.203429    4.483658    4.763886    5.044115    5.324343    5.604572    5.884801    6.165029    6.445258    6.725486    7.005715    7.285944    7.566172    7.846401    8.126629    8.406858    8.687087    8.967315    9.247544    9.527772    9.808001
    0.000000    0.000000    0.000000    0.000000    0.000000    0.000000    0.000000    0.000000    0.000000    0.000000    0.000000    0.000000    0.000000    0.000000    0.000000    0.000000    0.000000    0.000000    0.086000    0.588000    0.970000    1.000000    1.000000    1.000000    1.000000    1.000000    1.000000    1.000000    1.000000    1.000000    1.000000    1.000000    1.000000    1.000000    1.000000    1.000000
    0.000000    0.000000    0.000000    0.000000    0.000000    0.000000    0.000000    0.000000    0.000000    0.000000    0.000000    0.000000    0.000000    0.000000    0.000000    0.002000    0.042000    0.422000    0.972000    0.997000    1.000000    1.000000    1.000000    1.000000    1.000000    1.000000    1.000000    1.000000    1.000000    1.000000    1.000000    1.000000    1.000000    1.000000    1.000000    1.000000
    0.000000    0.000000    0.000000    0.000000    0.000000    0.000000    0.000000    0.000000    0.000000    0.000000    0.000000    0.000000    0.000000    0.000000    0.009000    0.025000    0.039000    0.076000    0.373000    0.780000    0.939000    0.982000    0.995000    0.999000    1.000000    1.000000    1.000000    1.000000    1.000000    1.000000    1.000000    1.000000    1.000000    1.000000    1.000000    1.000000
    0.000000    0.000000    0.000000    0.000000    0.000000    0.000000    0.000000    0.000000    0.000000    0.000000    0.000000    0.000000    0.000000    0.000000    0.000000    0.000000    0.000000    0.005000    0.179000    0.722000    0.974000    1.000000    1.000000    1.000000    1.000000    1.000000    1.000000    1.000000    1.000000    1.000000    1.000000    1.000000    1.000000    1.000000    1.000000    1.000000
    0.000000    0.000000    0.000000    0.000000    0.000000    0.000000    0.000000    0.000000    0.000000    0.000000    0.000000    0.000000    0.000000    0.000000    0.000000    0.000000    0.000000    0.004000    0.225000    0.847000    0.994000    1.000000    1.000000    1.000000    1.000000    1.000000    1.000000    1.000000    1.000000    1.000000    1.000000    1.000000    1.000000    1.000000    1.000000    1.000000
    0.000000    0.000000    0.000000    0.000000    0.000000    0.000000    0.000000    0.000000    0.000000    0.000000    0.000000    0.000000    0.000000    0.000000    0.000000    0.000000    0.000000    0.000000    0.080000    0.613000    0.970000    1.000000    1.000000    1.000000    1.000000    1.000000    1.000000    1.000000    1.000000    1.000000    1.000000    1.000000    1.000000    1.000000    1.000000    1.000000
    0.000000    0.000000    0.000000    0.000000    0.000000    0.000000    0.000000    0.000000    0.000000    0.000000    0.000000    0.000000    0.000000    0.000000    0.000000    0.000000    0.000000    0.025000    0.558000    0.962000    1.000000    1.000000    1.000000    1.000000    1.000000    1.000000    1.000000    1.000000    1.000000    1.000000    1.000000    1.000000    1.000000    1.000000    1.000000    1.000000
    0.000000    0.000000    0.000000    0.000000    0.000000    0.000000    0.000000    0.000000    0.000000    0.000000    0.000000    0.000000    0.000000    0.000000    0.000000    0.000000    0.001000    0.030000    0.618000    0.968000    1.000000    1.000000    1.000000    1.000000    1.000000    1.000000    1.000000    1.000000    1.000000    1.000000    1.000000    1.000000    1.000000    1.000000    1.000000    1.000000
    0.000000    0.000000    0.000000    0.000000    0.000000    0.000000    0.000000    0.000000    0.000000    0.000000    0.000000    0.000000    0.000000    0.000000    0.000000    0.000000    0.000000    0.005000    0.424000    0.933000    0.999000    1.000000    1.000000    1.000000    1.000000    1.000000    1.000000    1.000000    1.000000    1.000000    1.000000    1.000000    1.000000    1.000000    1.000000    1.000000
    0.000000    0.000000    0.000000    0.000000    0.000000    0.000000    0.000000    0.000000    0.000000    0.000000    0.000000    0.000000    0.000000    0.000000    0.000000    0.000000    0.000000    0.074000    0.852000    0.997000    1.000000    1.000000    1.000000    1.000000    1.000000    1.000000    1.000000    1.000000    1.000000    1.000000    1.000000    1.000000    1.000000    1.000000    1.000000    1.000000
    0.000000    0.000000    0.000000    0.000000    0.000000    0.000000    0.000000    0.000000    0.000000    0.000000    0.000000    0.000000    0.000000    0.000000    0.000000    0.000000    0.000000    0.022000    0.649000    0.975000    1.000000    1.000000    1.000000    1.000000    1.000000    1.000000    1.000000    1.000000    1.000000    1.000000    1.000000    1.000000    1.000000    1.000000    1.000000    1.000000
    0.000000    0.000000    0.000000    0.000000    0.000000    0.000000    0.000000    0.000000    0.000000    0.000000    0.000000    0.000000    0.000000    0.000000    0.000000    0.000000    0.000000    0.000000    0.009000    0.196000    0.807000    0.996000    1.000000    1.000000    1.000000    1.000000    1.000000    1.000000    1.000000    1.000000    1.000000    1.000000    1.000000    1.000000    1.000000    1.000000
    0.000000    0.000000    0.000000    0.000000    0.000000    0.000000    0.000000    0.000000    0.000000    0.000000    0.000000    0.000000    0.000000    0.000000    0.000000    0.000000    0.000000    0.000000    0.139000    0.749000    0.997000    1.000000    1.000000    1.000000    1.000000    1.000000    1.000000    1.000000    1.000000    1.000000    1.000000    1.000000    1.000000    1.000000    1.000000    1.000000
    0.000000    0.000000    0.000000    0.000000    0.000000    0.000000    0.000000    0.000000    0.000000    0.000000    0.000000    0.000000    0.000000    0.000000    0.000000    0.000000    0.000000    0.002000    0.320000    0.877000    0.998000    1.000000    1.000000    1.000000    1.000000    1.000000    1.000000    1.000000    1.000000    1.000000    1.000000    1.000000    1.000000    1.000000    1.000000    1.000000
    0.000000    0.000000    0.000000    0.000000    0.000000    0.000000    0.000000    0.000000    0.000000    0.000000    0.000000    0.000000    0.000000    0.000000    0.000000    0.000000    0.000000    0.000000    0.067000    0.574000    0.969000    1.000000    1.000000    1.000000    1.000000    1.000000    1.000000    1.000000    1.000000    1.000000    1.000000    1.000000    1.000000    1.000000    1.000000    1.000000
    0.000000    0.000000    0.000000    0.000000    0.000000    0.000000    0.000000    0.000000    0.000000    0.000000    0.000000    0.000000    0.000000    0.000000    0.000000    0.000000    0.000000    0.033000    0.693000    0.982000    1.000000    1.000000    1.000000    1.000000    1.000000    1.000000    1.000000    1.000000    1.000000    1.000000    1.000000    1.000000    1.000000    1.000000    1.000000    1.000000
    0.000000    0.000000    0.000000    0.000000    0.000000    0.000000    0.000000    0.000000    0.000000    0.000000    0.000000    0.000000    0.000000    0.000000    0.000000    0.000000    0.000000    0.001000    0.458000    0.958000    1.000000    1.000000    1.000000    1.000000    1.000000    1.000000    1.000000    1.000000    1.000000    1.000000    1.000000    1.000000    1.000000    1.000000    1.000000    1.000000
    0.000000    0.000000    0.000000    0.000000    0.000000    0.000000    0.000000    0.000000    0.000000    0.000000    0.000000    0.000000    0.000000    0.000000    0.000000    0.000000    0.000000    0.105000    0.870000    0.996000    1.000000    1.000000    1.000000    1.000000    1.000000    1.000000    1.000000    1.000000    1.000000    1.000000    1.000000    1.000000    1.000000    1.000000    1.000000    1.000000
    0.000000    0.000000    0.000000    0.000000    0.000000    0.000000    0.000000    0.000000    0.000000    0.000000    0.000000    0.000000    0.000000    0.000000    0.000000    0.000000    0.000000    0.007000    0.472000    0.954000    0.999000    1.000000    1.000000    1.000000    1.000000    1.000000    1.000000    1.000000    1.000000    1.000000    1.000000    1.000000    1.000000    1.000000    1.000000    1.000000
    0.000000    0.000000    0.000000    0.000000    0.000000    0.000000    0.000000    0.000000    0.000000    0.000000    0.000000    0.000000    0.000000    0.000000    0.000000    0.000000    0.000000    0.000000    0.037000    0.524000    0.977000    1.000000    1.000000    1.000000    1.000000    1.000000    1.000000    1.000000    1.000000    1.000000    1.000000    1.000000    1.000000    1.000000    1.000000    1.000000
    0.000000    0.000000    0.000000    0.000000    0.000000    0.000000    0.000000    0.000000    0.000000    0.000000    0.000000    0.000000    0.000000    0.000000    0.000000    0.000000    0.000000    0.000000    0.156000    0.789000    0.998000    1.000000    1.000000    1.000000    1.000000    1.000000    1.000000    1.000000    1.000000    1.000000    1.000000    1.000000    1.000000    1.000000    1.000000    1.000000
    0.000000    0.000000    0.000000    0.000000    0.000000    0.000000    0.000000    0.000000    0.000000    0.000000    0.000000    0.000000    0.000000    0.000000    0.000000    0.000000    0.000000    0.000000    0.000000    0.003000    0.168000    0.845000    1.000000    1.000000    1.000000    1.000000    1.000000    1.000000    1.000000    1.000000    1.000000    1.000000    1.000000    1.000000    1.000000    1.000000
    0.000000    0.000000    0.000000    0.000000    0.000000    0.000000    0.000000    0.000000    0.000000    0.000000    0.000000    0.000000    0.000000    0.000000    0.000000    0.000000    0.005000    0.243000    0.942000    1.000000    1.000000    1.000000    1.000000    1.000000    1.000000    1.000000    1.000000    1.000000    1.000000    1.000000    1.000000    1.000000    1.000000    1.000000    1.000000    1.000000
    0.000000    0.000000    0.000000    0.000000    0.000000    0.000000    0.000000    0.000000    0.000000    0.000000    0.000000    0.000000    0.000000    0.000000    0.000000    0.000000    0.000000    0.000000    0.181000    0.762000    0.993000    1.000000    1.000000    1.000000    1.000000    1.000000    1.000000    1.000000    1.000000    1.000000    1.000000    1.000000    1.000000    1.000000    1.000000    1.000000
    0.000000    0.000000    0.000000    0.000000    0.000000    0.000000    0.000000    0.000000    0.000000    0.000000    0.000000    0.000000    0.000000    0.000000    0.000000    0.000000    0.000000    0.000000    0.122000    0.736000    0.990000    1.000000    1.000000    1.000000    1.000000    1.000000    1.000000    1.000000    1.000000    1.000000    1.000000    1.000000    1.000000    1.000000    1.000000    1.000000
    0.000000    0.000000    0.000000    0.000000    0.000000    0.000000    0.000000    0.000000    0.000000    0.000000    0.000000    0.000000    0.000000    0.000000    0.000000    0.000000    0.006000    0.261000    0.959000    1.000000    1.000000    1.000000    1.000000    1.000000    1.000000    1.000000    1.000000    1.000000    1.000000    1.000000    1.000000    1.000000    1.000000    1.000000    1.000000    1.000000
    0.000000    0.000000    0.000000    0.000000    0.000000    0.000000    0.000000    0.000000    0.000000    0.000000    0.000000    0.000000    0.000000    0.000000    0.000000    0.000000    0.000000    0.007000    0.358000    0.907000    0.999000    1.000000    1.000000    1.000000    1.000000    1.000000    1.000000    1.000000    1.000000    1.000000    1.000000    1.000000    1.000000    1.000000    1.000000    1.000000
    0.000000    0.000000    0.000000    0.000000    0.000000    0.000000    0.000000    0.000000    0.000000    0.000000    0.000000    0.000000    0.000000    0.000000    0.000000    0.000000    0.000000    0.006000    0.338000    0.886000    0.999000    1.000000    1.000000    1.000000    1.000000    1.000000    1.000000    1.000000    1.000000    1.000000    1.000000    1.000000    1.000000    1.000000    1.000000    1.000000
    0.000000    0.000000    0.000000    0.000000    0.000000    0.000000    0.000000    0.000000    0.000000    0.000000    0.000000    0.000000    0.000000    0.000000    0.000000    0.000000    0.026000    0.418000    0.992000    0.999000    1.000000    1.000000    1.000000    1.000000    1.000000    1.000000    1.000000    1.000000    1.000000    1.000000    1.000000    1.000000    1.000000    1.000000    1.000000    1.000000
    0.000000    0.000000    0.000000    0.000000    0.000000    0.000000    0.000000    0.000000    0.000000    0.000000    0.000000    0.000000    0.000000    0.000000    0.000000    0.000000    0.000000    0.015000    0.583000    0.980000    1.000000    1.000000    1.000000    1.000000    1.000000    1.000000    1.000000    1.000000    1.000000    1.000000    1.000000    1.000000    1.000000    1.000000    1.000000    1.000000
    0.000000    0.000000    0.000000    0.000000    0.000000    0.000000    0.000000    0.000000    0.000000    0.000000    0.000000    0.000000    0.000000    0.000000    0.000000    0.000000    0.000000    0.004000    0.506000    0.967000    1.000000    1.000000    1.000000    1.000000    1.000000    1.000000    1.000000    1.000000    1.000000    1.000000    1.000000    1.000000    1.000000    1.000000    1.000000    1.000000
    0.000000    0.000000    0.000000    0.000000    0.000000    0.000000    0.000000    0.000000    0.000000    0.000000    0.000000    0.000000    0.000000    0.000000    0.000000    0.000000    0.002000    0.175000    0.924000    0.999000    1.000000    1.000000    1.000000    1.000000    1.000000    1.000000    1.000000    1.000000    1.000000    1.000000    1.000000    1.000000    1.000000    1.000000    1.000000    1.000000
    0.000000    0.000000    0.000000    0.000000    0.000000    0.000000    0.000000    0.000000    0.000000    0.000000    0.000000    0.000000    0.000000    0.000000    0.000000    0.000000    0.005000    0.355000    0.982000    1.000000    1.000000    1.000000    1.000000    1.000000    1.000000    1.000000    1.000000    1.000000    1.000000    1.000000    1.000000    1.000000    1.000000    1.000000    1.000000    1.000000
    0.000000    0.000000    0.000000    0.000000    0.000000    0.000000    0.000000    0.000000    0.000000    0.000000    0.000000    0.000000    0.000000    0.000000    0.000000    0.000000    0.107000    0.742000    0.999000    1.000000    1.000000    1.000000    1.000000    1.000000    1.000000    1.000000    1.000000    1.000000    1.000000    1.000000    1.000000    1.000000    1.000000    1.000000    1.000000    1.000000
    0.000000    0.000000    0.000000    0.000000    0.000000    0.000000    0.000000    0.000000    0.000000    0.000000    0.000000    0.000000    0.000000    0.000000    0.000000    0.000000    0.000000    0.000000    0.067000    0.560000    0.982000    1.000000    1.000000    1.000000    1.000000    1.000000    1.000000    1.000000    1.000000    1.000000    1.000000    1.000000    1.000000    1.000000    1.000000    1.000000
    0.000000    0.000000    0.000000    0.000000    0.000000    0.000000    0.000000    0.000000    0.000000    0.000000    0.000000    0.000000    0.000000    0.000000    0.000000    0.000000    0.031000    0.478000    0.988000    1.000000    1.000000    1.000000    1.000000    1.000000    1.000000    1.000000    1.000000    1.000000    1.000000    1.000000    1.000000    1.000000    1.000000    1.000000    1.000000    1.000000
    0.000000    0.000000    0.000000    0.000000    0.000000    0.000000    0.000000    0.000000    0.000000    0.000000    0.000000    0.000000    0.000000    0.000000    0.000000    0.000000    0.000000    0.033000    0.731000    0.995000    1.000000    1.000000    1.000000    1.000000    1.000000    1.000000    1.000000    1.000000    1.000000    1.000000    1.000000    1.000000    1.000000    1.000000    1.000000    1.000000
    0.000000    0.000000    0.000000    0.000000    0.000000    0.000000    0.000000    0.000000    0.000000    0.000000    0.000000    0.000000    0.000000    0.000000    0.000000    0.000000    0.000000    0.000000    0.044000    0.482000    0.968000    1.000000    1.000000    1.000000    1.000000    1.000000    1.000000    1.000000    1.000000    1.000000    1.000000    1.000000    1.000000    1.000000    1.000000    1.000000
    0.000000    0.000000    0.000000    0.000000    0.000000    0.000000    0.000000    0.000000    0.000000    0.000000    0.000000    0.000000    0.000000    0.000000    0.000000    0.000000    0.000000    0.001000    0.273000    0.865000    0.998000    1.000000    1.000000    1.000000    1.000000    1.000000    1.000000    1.000000    1.000000    1.000000    1.000000    1.000000    1.000000    1.000000    1.000000    1.000000
    0.000000    0.000000    0.000000    0.000000    0.000000    0.000000    0.000000    0.000000    0.000000    0.000000    0.000000    0.000000    0.000000    0.000000    0.000000    0.000000    0.000000    0.001000    0.350000    0.891000    0.998000    1.000000    1.000000    1.000000    1.000000    1.000000    1.000000    1.000000    1.000000    1.000000    1.000000    1.000000    1.000000    1.000000    1.000000    1.000000
    0.000000    0.000000    0.000000    0.000000    0.000000    0.000000    0.000000    0.000000    0.000000    0.000000    0.000000    0.000000    0.000000    0.000000    0.000000    0.001000    0.111000    0.761000    1.000000    1.000000    1.000000    1.000000    1.000000    1.000000    1.000000    1.000000    1.000000    1.000000    1.000000    1.000000    1.000000    1.000000    1.000000    1.000000    1.000000    1.000000
    0.000000    0.000000    0.000000    0.000000    0.000000    0.000000    0.000000    0.000000    0.000000    0.000000    0.000000    0.000000    0.000000    0.000000    0.000000    0.000000    0.000000    0.000000    0.089000    0.661000    0.985000    1.000000    1.000000    1.000000    1.000000    1.000000    1.000000    1.000000    1.000000    1.000000    1.000000    1.000000    1.000000    1.000000    1.000000    1.000000
    0.000000    0.000000    0.000000    0.000000    0.000000    0.000000    0.000000    0.000000    0.000000    0.000000    0.000000    0.000000    0.000000    0.000000    0.000000    0.000000    0.000000    0.003000    0.224000    0.859000    0.999000    1.000000    1.000000    1.000000    1.000000    1.000000    1.000000    1.000000    1.000000    1.000000    1.000000    1.000000    1.000000    1.000000    1.000000    1.000000
    0.000000    0.000000    0.000000    0.000000    0.000000    0.000000    0.000000    0.000000    0.000000    0.000000    0.000000    0.000000    0.000000    0.000000    0.000000    0.000000    0.000000    0.001000    0.241000    0.809000    0.998000    1.000000    1.000000    1.000000    1.000000    1.000000    1.000000    1.000000    1.000000    1.000000    1.000000    1.000000    1.000000    1.000000    1.000000    1.000000
    0.000000    0.000000    0.000000    0.000000    0.000000    0.000000    0.000000    0.000000    0.000000    0.000000    0.000000    0.000000    0.000000    0.000000    0.000000    0.000000    0.028000    0.440000    0.994000    1.000000    1.000000    1.000000    1.000000    1.000000    1.000000    1.000000    1.000000    1.000000    1.000000    1.000000    1.000000    1.000000    1.000000    1.000000    1.000000    1.000000
    0.000000    0.000000    0.000000    0.000000    0.000000    0.000000    0.000000    0.000000    0.000000    0.000000    0.000000    0.000000    0.000000    0.000000    0.000000    0.000000    0.008000    0.240000    0.969000    1.000000    1.000000    1.000000    1.000000    1.000000    1.000000    1.000000    1.000000    1.000000    1.000000    1.000000    1.000000    1.000000    1.000000    1.000000    1.000000    1.000000
    0.000000    0.000000    0.000000    0.000000    0.000000    0.000000    0.000000    0.000000    0.000000    0.000000    0.000000    0.000000    0.000000    0.000000    0.000000    0.000000    0.000000    0.065000    0.850000    0.997000    1.000000    1.000000    1.000000    1.000000    1.000000    1.000000    1.000000    1.000000    1.000000    1.000000    1.000000    1.000000    1.000000    1.000000    1.000000    1.000000
    0.000000    0.000000    0.000000    0.000000    0.000000    0.000000    0.000000    0.000000    0.000000    0.000000    0.000000    0.000000    0.000000    0.000000    0.000000    0.000000    0.000000    0.006000    0.469000    0.938000    0.997000    1.000000    1.000000    1.000000    1.000000    1.000000    1.000000    1.000000    1.000000    1.000000    1.000000    1.000000    1.000000    1.000000    1.000000    1.000000
    0.000000    0.000000    0.000000    0.000000    0.000000    0.000000    0.000000    0.000000    0.000000    0.000000    0.000000    0.000000    0.000000    0.000000    0.000000    0.000000    0.000000    0.017000    0.631000    0.984000    1.000000    1.000000    1.000000    1.000000    1.000000    1.000000    1.000000    1.000000    1.000000    1.000000    1.000000    1.000000    1.000000    1.000000    1.000000    1.000000
    0.000000    0.000000    0.000000    0.000000    0.000000    0.000000    0.000000    0.000000    0.000000    0.000000    0.000000    0.000000    0.000000    0.000000    0.000000    0.000000    0.001000    0.073000    0.862000    0.999000    1.000000    1.000000    1.000000    1.000000    1.000000    1.000000    1.000000    1.000000    1.000000    1.000000    1.000000    1.000000    1.000000    1.000000    1.000000    1.000000
    0.000000    0.000000    0.000000    0.000000    0.000000    0.000000    0.000000    0.000000    0.000000    0.000000    0.000000    0.000000    0.000000    0.000000    0.000000    0.000000    0.000000    0.000000    0.000000    0.005000    0.274000    0.915000    1.000000    1.000000    1.000000    1.000000    1.000000    1.000000    1.000000    1.000000    1.000000    1.000000    1.000000    1.000000    1.000000    1.000000
    0.000000    0.000000    0.000000    0.000000    0.000000    0.000000    0.000000    0.000000    0.000000    0.000000    0.000000    0.000000    0.000000    0.000000    0.000000    0.000000    0.000000    0.000000    0.039000    0.493000    0.975000    1.000000    1.000000    1.000000    1.000000    1.000000    1.000000    1.000000    1.000000    1.000000    1.000000    1.000000    1.000000    1.000000    1.000000    1.000000
    0.000000    0.000000    0.000000    0.000000    0.000000    0.000000    0.000000    0.000000    0.000000    0.000000    0.000000    0.000000    0.000000    0.000000    0.000000    0.000000    0.000000    0.000000    0.100000    0.703000    0.991000    1.000000    1.000000    1.000000    1.000000    1.000000    1.000000    1.000000    1.000000    1.000000    1.000000    1.000000    1.000000    1.000000    1.000000    1.000000
    0.000000    0.000000    0.000000    0.000000    0.000000    0.000000    0.000000    0.000000    0.000000    0.000000    0.000000    0.000000    0.000000    0.000000    0.000000    0.000000    0.000000    0.000000    0.025000    0.402000    0.961000    1.000000    1.000000    1.000000    1.000000    1.000000    1.000000    1.000000    1.000000    1.000000    1.000000    1.000000    1.000000    1.000000    1.000000    1.000000
    0.000000    0.000000    0.000000    0.000000    0.000000    0.000000    0.000000    0.000000    0.000000    0.000000    0.000000    0.000000    0.000000    0.000000    0.000000    0.000000    0.023000    0.463000    0.981000    1.000000    1.000000    1.000000    1.000000    1.000000    1.000000    1.000000    1.000000    1.000000    1.000000    1.000000    1.000000    1.000000    1.000000    1.000000    1.000000    1.000000
    0.000000    0.000000    0.000000    0.000000    0.000000    0.000000    0.000000    0.000000    0.000000    0.000000    0.000000    0.000000    0.000000    0.000000    0.000000    0.000000    0.000000    0.008000    0.594000    0.972000    1.000000    1.000000    1.000000    1.000000    1.000000    1.000000    1.000000    1.000000    1.000000    1.000000    1.000000    1.000000    1.000000    1.000000    1.000000    1.000000
    0.000000    0.000000    0.000000    0.000000    0.000000    0.000000    0.000000    0.000000    0.000000    0.000000    0.000000    0.000000    0.000000    0.000000    0.000000    0.000000    0.000000    0.000000    0.000000    0.041000    0.577000    0.995000    1.000000    1.000000    1.000000    1.000000    1.000000    1.000000    1.000000    1.000000    1.000000    1.000000    1.000000    1.000000    1.000000    1.000000
    0.000000    0.000000    0.000000    0.000000    0.000000    0.000000    0.000000    0.000000    0.000000    0.000000    0.000000    0.000000    0.000000    0.000000    0.000000    0.000000    0.000000    0.000000    0.283000    0.878000    0.998000    1.000000    1.000000    1.000000    1.000000    1.000000    1.000000    1.000000    1.000000    1.000000    1.000000    1.000000    1.000000    1.000000    1.000000    1.000000
    0.000000    0.000000    0.000000    0.000000    0.000000    0.000000    0.000000    0.000000    0.000000    0.000000    0.000000    0.000000    0.000000    0.000000    0.000000    0.000000    0.000000    0.001000    0.279000    0.873000    0.998000    1.000000    1.000000    1.000000    1.000000    1.000000    1.000000    1.000000    1.000000    1.000000    1.000000    1.000000    1.000000    1.000000    1.000000    1.000000
    0.000000    0.000000    0.000000    0.000000    0.000000    0.000000    0.000000    0.000000    0.000000    0.000000    0.000000    0.000000    0.000000    0.000000    0.000000    0.000000    0.000000    0.001000    0.070000    0.587000    0.988000    1.000000    1.000000    1.000000    1.000000    1.000000    1.000000    1.000000    1.000000    1.000000    1.000000    1.000000    1.000000    1.000000    1.000000    1.000000
    0.000000    0.000000    0.000000    0.000000    0.000000    0.000000    0.000000    0.000000    0.000000    0.000000    0.000000    0.000000    0.000000    0.000000    0.000000    0.000000    0.000000    0.001000    0.108000    0.723000    0.995000    1.000000    1.000000    1.000000    1.000000    1.000000    1.000000    1.000000    1.000000    1.000000    1.000000    1.000000    1.000000    1.000000    1.000000    1.000000
    0.000000    0.000000    0.000000    0.000000    0.000000    0.000000    0.000000    0.000000    0.000000    0.000000    0.000000    0.000000    0.000000    0.000000    0.000000    0.000000    0.000000    0.031000    0.677000    0.988000    1.000000    1.000000    1.000000    1.000000    1.000000    1.000000    1.000000    1.000000    1.000000    1.000000    1.000000    1.000000    1.000000    1.000000    1.000000    1.000000
    0.000000    0.000000    0.000000    0.000000    0.000000    0.000000    0.000000    0.000000    0.000000    0.000000    0.000000    0.000000    0.000000    0.000000    0.000000    0.000000    0.000000    0.001000    0.468000    0.961000    1.000000    1.000000    1.000000    1.000000    1.000000    1.000000    1.000000    1.000000    1.000000    1.000000    1.000000    1.000000    1.000000    1.000000    1.000000    1.000000
    0.000000    0.000000    0.000000    0.000000    0.000000    0.000000    0.000000    0.000000    0.000000    0.000000    0.000000    0.000000    0.000000    0.000000    0.000000    0.000000    0.001000    0.077000    0.861000    0.995000    1.000000    1.000000    1.000000    1.000000    1.000000    1.000000    1.000000    1.000000    1.000000    1.000000    1.000000    1.000000    1.000000    1.000000    1.000000    1.000000
    0.000000    0.000000    0.000000    0.000000    0.000000    0.000000    0.000000    0.000000    0.000000    0.000000    0.000000    0.000000    0.000000    0.000000    0.000000    0.000000    0.000000    0.000000    0.017000    0.367000    0.938000    0.999000    1.000000    1.000000    1.000000    1.000000    1.000000    1.000000    1.000000    1.000000    1.000000    1.000000    1.000000    1.000000    1.000000    1.000000
    0.000000    0.000000    0.000000    0.000000    0.000000    0.000000    0.000000    0.000000    0.000000    0.000000    0.000000    0.000000    0.000000    0.000000    0.000000    0.000000    0.000000    0.012000    0.603000    0.979000    1.000000    1.000000    1.000000    1.000000    1.000000    1.000000    1.000000    1.000000    1.000000    1.000000    1.000000    1.000000    1.000000    1.000000    1.000000    1.000000
    0.000000    0.000000    0.000000    0.000000    0.000000    0.000000    0.000000    0.000000    0.000000    0.000000    0.000000    0.000000    0.000000    0.000000    0.000000    0.000000    0.000000    0.014000    0.481000    0.949000    0.999000    1.000000    1.000000    1.000000    1.000000    1.000000    1.000000    1.000000    1.000000    1.000000    1.000000    1.000000    1.000000    1.000000    1.000000    1.000000
    0.000000    0.000000    0.000000    0.000000    0.000000    0.000000    0.000000    0.000000    0.000000    0.000000    0.000000    0.000000    0.000000    0.000000    0.000000    0.000000    0.000000    0.000000    0.000000    0.034000    0.551000    0.985000    1.000000    1.000000    1.000000    1.000000    1.000000    1.000000    1.000000    1.000000    1.000000    1.000000    1.000000    1.000000    1.000000    1.000000
    0.000000    0.000000    0.000000    0.000000    0.000000    0.000000    0.000000    0.000000    0.000000    0.000000    0.000000    0.000000    0.000000    0.000000    0.000000    0.000000    0.000000    0.000000    0.023000    0.430000    0.964000    1.000000    1.000000    1.000000    1.000000    1.000000    1.000000    1.000000    1.000000    1.000000    1.000000    1.000000    1.000000    1.000000    1.000000    1.000000
    0.000000    0.000000    0.000000    0.000000    0.000000    0.000000    0.000000    0.000000    0.000000    0.000000    0.000000    0.000000    0.000000    0.000000    0.000000    0.000000    0.000000    0.000000    0.039000    0.510000    0.974000    1.000000    1.000000    1.000000    1.000000    1.000000    1.000000    1.000000    1.000000    1.000000    1.000000    1.000000    1.000000    1.000000    1.000000    1.000000
    0.000000    0.000000    0.000000    0.000000    0.000000    0.000000    0.000000    0.000000    0.000000    0.000000    0.000000    0.000000    0.000000    0.000000    0.000000    0.000000    0.000000    0.000000    0.014000    0.369000    0.930000    1.000000    1.000000    1.000000    1.000000    1.000000    1.000000    1.000000    1.000000    1.000000    1.000000    1.000000    1.000000    1.000000    1.000000    1.000000
    0.000000    0.000000    0.000000    0.000000    0.000000    0.000000    0.000000    0.000000    0.000000    0.000000    0.000000    0.000000    0.000000    0.000000    0.000000    0.000000    0.000000    0.000000    0.015000    0.309000    0.936000    0.997000    1.000000    1.000000    1.000000    1.000000    1.000000    1.000000    1.000000    1.000000    1.000000    1.000000    1.000000    1.000000    1.000000    1.000000
    0.000000    0.000000    0.000000    0.000000    0.000000    0.000000    0.000000    0.000000    0.000000    0.000000    0.000000    0.000000    0.000000    0.000000    0.000000    0.000000    0.000000    0.000000    0.046000    0.582000    0.987000    1.000000    1.000000    1.000000    1.000000    1.000000    1.000000    1.000000    1.000000    1.000000    1.000000    1.000000    1.000000    1.000000    1.000000    1.000000
    0.000000    0.000000    0.000000    0.000000    0.000000    0.000000    0.000000    0.000000    0.000000    0.000000    0.000000    0.000000    0.000000    0.000000    0.000000    0.000000    0.073000    0.697000    0.997000    1.000000    1.000000    1.000000    1.000000    1.000000    1.000000    1.000000    1.000000    1.000000    1.000000    1.000000    1.000000    1.000000    1.000000    1.000000    1.000000    1.000000
    0.000000    0.000000    0.000000    0.000000    0.000000    0.000000    0.000000    0.000000    0.000000    0.000000    0.000000    0.000000    0.000000    0.000000    0.000000    0.000000    0.000000    0.001000    0.232000    0.865000    0.998000    1.000000    1.000000    1.000000    1.000000    1.000000    1.000000    1.000000    1.000000    1.000000    1.000000    1.000000    1.000000    1.000000    1.000000    1.000000
    0.000000    0.000000    0.000000    0.000000    0.000000    0.000000    0.000000    0.000000    0.000000    0.000000    0.000000    0.000000    0.000000    0.000000    0.000000    0.000000    0.000000    0.012000    0.619000    0.979000    1.000000    1.000000    1.000000    1.000000    1.000000    1.000000    1.000000    1.000000    1.000000    1.000000    1.000000    1.000000    1.000000    1.000000    1.000000    1.000000
    0.000000    0.000000    0.000000    0.000000    0.000000    0.000000    0.000000    0.000000    0.000000    0.000000    0.000000    0.000000    0.000000    0.000000    0.000000    0.000000    0.000000    0.000000    0.023000    0.349000    0.949000    1.000000    1.000000    1.000000    1.000000    1.000000    1.000000    1.000000    1.000000    1.000000    1.000000    1.000000    1.000000    1.000000    1.000000    1.000000
    0.000000    0.000000    0.000000    0.000000    0.000000    0.000000    0.000000    0.000000    0.000000    0.000000    0.000000    0.000000    0.000000    0.000000    0.000000    0.000000    0.000000    0.003000    0.344000    0.914000    0.999000    1.000000    1.000000    1.000000    1.000000    1.000000    1.000000    1.000000    1.000000    1.000000    1.000000    1.000000    1.000000    1.000000    1.000000    1.000000
    0.000000    0.000000    0.000000    0.000000    0.000000    0.000000    0.000000    0.000000    0.000000    0.000000    0.000000    0.000000    0.000000    0.000000    0.000000    0.000000    0.000000    0.018000    0.608000    0.984000    1.000000    1.000000    1.000000    1.000000    1.000000    1.000000    1.000000    1.000000    1.000000    1.000000    1.000000    1.000000    1.000000    1.000000    1.000000    1.000000
    0.000000    0.000000    0.000000    0.000000    0.000000    0.000000    0.000000    0.000000    0.000000    0.000000    0.000000    0.000000    0.000000    0.000000    0.000000    0.000000    0.001000    0.038000    0.757000    0.994000    1.000000    1.000000    1.000000    1.000000    1.000000    1.000000    1.000000    1.000000    1.000000    1.000000    1.000000    1.000000    1.000000    1.000000    1.000000    1.000000
    0.000000    0.000000    0.000000    0.000000    0.000000    0.000000    0.000000    0.000000    0.000000    0.000000    0.000000    0.000000    0.000000    0.000000    0.000000    0.000000    0.002000    0.122000    0.917000    1.000000    1.000000    1.000000    1.000000    1.000000    1.000000    1.000000    1.000000    1.000000    1.000000    1.000000    1.000000    1.000000    1.000000    1.000000    1.000000    1.000000
    0.000000    0.000000    0.000000    0.000000    0.000000    0.000000    0.000000    0.000000    0.000000    0.000000    0.000000    0.000000    0.000000    0.000000    0.000000    0.000000    0.000000    0.000000    0.025000    0.352000    0.952000    1.000000    1.000000    1.000000    1.000000    1.000000    1.000000    1.000000    1.000000    1.000000    1.000000    1.000000    1.000000    1.000000    1.000000    1.000000
    0.000000    0.000000    0.000000    0.000000    0.000000    0.000000    0.000000    0.000000    0.000000    0.000000    0.000000    0.000000    0.000000    0.000000    0.000000    0.000000    0.000000    0.000000    0.020000    0.419000    0.943000    1.000000    1.000000    1.000000    1.000000    1.000000    1.000000    1.000000    1.000000    1.000000    1.000000    1.000000    1.000000    1.000000    1.000000    1.000000
    0.000000    0.000000    0.000000    0.000000    0.000000    0.000000    0.000000    0.000000    0.000000    0.000000    0.000000    0.000000    0.000000    0.000000    0.000000    0.000000    0.000000    0.000000    0.053000    0.561000    0.974000    1.000000    1.000000    1.000000    1.000000    1.000000    1.000000    1.000000    1.000000    1.000000    1.000000    1.000000    1.000000    1.000000    1.000000    1.000000
    0.000000    0.000000    0.000000    0.000000    0.000000    0.000000    0.000000    0.000000    0.000000    0.000000    0.000000    0.000000    0.000000    0.000000    0.000000    0.000000    0.000000    0.000000    0.113000    0.720000    0.994000    1.000000    1.000000    1.000000    1.000000    1.000000    1.000000    1.000000    1.000000    1.000000    1.000000    1.000000    1.000000    1.000000    1.000000    1.000000
    0.000000    0.000000    0.000000    0.000000    0.000000    0.000000    0.000000    0.000000    0.000000    0.000000    0.000000    0.000000    0.000000    0.000000    0.000000    0.000000    0.001000    0.062000    0.842000    0.998000    1.000000    1.000000    1.000000    1.000000    1.000000    1.000000    1.000000    1.000000    1.000000    1.000000    1.000000    1.000000    1.000000    1.000000    1.000000    1.000000
    0.000000    0.000000    0.000000    0.000000    0.000000    0.000000    0.000000    0.000000    0.000000    0.000000    0.000000    0.000000    0.000000    0.000000    0.000000    0.000000    0.002000    0.183000    0.937000    1.000000    1.000000    1.000000    1.000000    1.000000    1.000000    1.000000    1.000000    1.000000    1.000000    1.000000    1.000000    1.000000    1.000000    1.000000    1.000000    1.000000
    0.000000    0.000000    0.000000    0.000000    0.000000    0.000000    0.000000    0.000000    0.000000    0.000000    0.000000    0.000000    0.000000    0.000000    0.000000    0.000000    0.000000    0.000000    0.007000    0.187000    0.821000    0.999000    1.000000    1.000000    1.000000    1.000000    1.000000    1.000000    1.000000    1.000000    1.000000    1.000000    1.000000    1.000000    1.000000    1.000000
    0.000000    0.000000    0.000000    0.000000    0.000000    0.000000    0.000000    0.000000    0.000000    0.000000    0.000000    0.000000    0.000000    0.000000    0.000000    0.000000    0.000000    0.000000    0.013000    0.323000    0.925000    1.000000    1.000000    1.000000    1.000000    1.000000    1.000000    1.000000    1.000000    1.000000    1.000000    1.000000    1.000000    1.000000    1.000000    1.000000
    0.000000    0.000000    0.000000    0.000000    0.000000    0.000000    0.000000    0.000000    0.000000    0.000000    0.000000    0.000000    0.000000    0.000000    0.000000    0.000000    0.000000    0.002000    0.268000    0.897000    0.999000    1.000000    1.000000    1.000000    1.000000    1.000000    1.000000    1.000000    1.000000    1.000000    1.000000    1.000000    1.000000    1.000000    1.000000    1.000000
    0.000000    0.000000    0.000000    0.000000    0.000000    0.000000    0.000000    0.000000    0.000000    0.000000    0.000000    0.000000    0.000000    0.000000    0.000000    0.000000    0.000000    0.000000    0.013000    0.313000    0.904000    0.999000    1.000000    1.000000    1.000000    1.000000    1.000000    1.000000    1.000000    1.000000    1.000000    1.000000    1.000000    1.000000    1.000000    1.000000
    0.000000    0.000000    0.000000    0.000000    0.000000    0.000000    0.000000    0.000000    0.000000    0.000000    0.000000    0.000000    0.000000    0.000000    0.000000    0.000000    0.000000    0.000000    0.061000    0.563000    0.959000    1.000000    1.000000    1.000000    1.000000    1.000000    1.000000    1.000000    1.000000    1.000000    1.000000    1.000000    1.000000    1.000000    1.000000    1.000000
    0.000000    0.000000    0.000000    0.000000    0.000000    0.000000    0.000000    0.000000    0.000000    0.000000    0.000000    0.000000    0.000000    0.000000    0.000000    0.000000    0.000000    0.000000    0.060000    0.625000    0.985000    1.000000    1.000000    1.000000    1.000000    1.000000    1.000000    1.000000    1.000000    1.000000    1.000000    1.000000    1.000000    1.000000    1.000000    1.000000
    0.000000    0.000000    0.000000    0.000000    0.000000    0.000000    0.000000    0.000000    0.000000    0.000000    0.000000    0.000000    0.000000    0.000000    0.000000    0.000000    0.000000    0.000000    0.000000    0.000000    0.069000    0.699000    0.997000    1.000000    1.000000    1.000000    1.000000    1.000000    1.000000    1.000000    1.000000    1.000000    1.000000    1.000000    1.000000    1.000000
    0.000000    0.000000    0.000000    0.000000    0.000000    0.000000    0.000000    0.000000    0.000000    0.000000    0.000000    0.000000    0.000000    0.000000    0.000000    0.000000    0.000000    0.000000    0.114000    0.689000    0.989000    1.000000    1.000000    1.000000    1.000000    1.000000    1.000000    1.000000    1.000000    1.000000    1.000000    1.000000    1.000000    1.000000    1.000000    1.000000
    0.000000    0.000000    0.000000    0.000000    0.000000    0.000000    0.000000    0.000000    0.000000    0.000000    0.000000    0.000000    0.000000    0.000000    0.000000    0.000000    0.000000    0.000000    0.010000    0.273000    0.888000    0.998000    1.000000    1.000000    1.000000    1.000000    1.000000    1.000000    1.000000    1.000000    1.000000    1.000000    1.000000    1.000000    1.000000    1.000000
    0.000000    0.000000    0.000000    0.000000    0.000000    0.000000    0.000000    0.000000    0.000000    0.000000    0.000000    0.000000    0.000000    0.000000    0.000000    0.000000    0.000000    0.000000    0.004000    0.153000    0.831000    0.999000    1.000000    1.000000    1.000000    1.000000    1.000000    1.000000    1.000000    1.000000    1.000000    1.000000    1.000000    1.000000    1.000000    1.000000
    0.000000    0.000000    0.000000    0.000000    0.000000    0.000000    0.000000    0.000000    0.000000    0.000000    0.000000    0.000000    0.000000    0.000000    0.000000    0.000000    0.016000    0.373000    0.985000    1.000000    1.000000    1.000000    1.000000    1.000000    1.000000    1.000000    1.000000    1.000000    1.000000    1.000000    1.000000    1.000000    1.000000    1.000000    1.000000    1.000000
    0.000000    0.000000    0.000000    0.000000    0.000000    0.000000    0.000000    0.000000    0.000000    0.000000    0.000000    0.000000    0.000000    0.000000    0.000000    0.000000    0.000000    0.001000    0.202000    0.802000    1.000000    1.000000    1.000000    1.000000    1.000000    1.000000    1.000000    1.000000    1.000000    1.000000    1.000000    1.000000    1.000000    1.000000    1.000000    1.000000
    0.000000    0.000000    0.000000    0.000000    0.000000    0.000000    0.000000    0.000000    0.000000    0.000000    0.000000    0.000000    0.000000    0.000000    0.000000    0.000000    0.000000    0.000000    0.079000    0.638000    0.980000    1.000000    1.000000    1.000000    1.000000    1.000000    1.000000    1.000000    1.000000    1.000000    1.000000    1.000000    1.000000    1.000000    1.000000    1.000000
    0.000000    0.000000    0.000000    0.000000    0.000000    0.000000    0.000000    0.000000    0.000000    0.000000    0.000000    0.000000    0.000000    0.000000    0.000000    0.000000    0.000000    0.000000    0.000000    0.028000    0.445000    0.975000    1.000000    1.000000    1.000000    1.000000    1.000000    1.000000    1.000000    1.000000    1.000000    1.000000    1.000000    1.000000    1.000000    1.000000
    0.000000    0.000000    0.000000    0.000000    0.000000    0.000000    0.000000    0.000000    0.000000    0.000000    0.000000    0.000000    0.000000    0.000000    0.000000    0.000000    0.000000    0.000000    0.000000    0.001000    0.185000    0.848000    0.999000    1.000000    1.000000    1.000000    1.000000    1.000000    1.000000    1.000000    1.000000    1.000000    1.000000    1.000000    1.000000    1.000000
    0.000000    0.000000    0.000000    0.000000    0.000000    0.000000    0.000000    0.000000    0.000000    0.000000    0.000000    0.000000    0.000000    0.000000    0.000000    0.000000    0.000000    0.003000    0.344000    0.921000    0.999000    1.000000    1.000000    1.000000    1.000000    1.000000    1.000000    1.000000    1.000000    1.000000    1.000000    1.000000    1.000000    1.000000    1.000000    1.000000
    0.000000    0.000000    0.000000    0.000000    0.000000    0.000000    0.000000    0.000000    0.000000    0.000000    0.000000    0.000000    0.000000    0.000000    0.000000    0.000000    0.000000    0.002000    0.345000    0.890000    0.997000    1.000000    1.000000    1.000000    1.000000    1.000000    1.000000    1.000000    1.000000    1.000000    1.000000    1.000000    1.000000    1.000000    1.000000    1.000000
    0.000000    0.000000    0.000000    0.000000    0.000000    0.000000    0.000000    0.000000    0.000000    0.000000    0.000000    0.000000    0.000000    0.000000    0.000000    0.000000    0.000000    0.064000    0.786000    0.997000    1.000000    1.000000    1.000000    1.000000    1.000000    1.000000    1.000000    1.000000    1.000000    1.000000    1.000000    1.000000    1.000000    1.000000    1.000000    1.000000
    0.000000    0.000000    0.000000    0.000000    0.000000    0.000000    0.000000    0.000000    0.000000    0.000000    0.000000    0.000000    0.000000    0.000000    0.000000    0.000000    0.000000    0.000000    0.007000    0.238000    0.882000    1.000000    1.000000    1.000000    1.000000    1.000000    1.000000    1.000000    1.000000    1.000000    1.000000    1.000000    1.000000    1.000000    1.000000    1.000000
    0.000000    0.000000    0.000000    0.000000    0.000000    0.000000    0.000000    0.000000    0.000000    0.000000    0.000000    0.000000    0.000000    0.000000    0.000000    0.000000    0.000000    0.000000    0.070000    0.578000    0.983000    1.000000    1.000000    1.000000    1.000000    1.000000    1.000000    1.000000    1.000000    1.000000    1.000000    1.000000    1.000000    1.000000    1.000000    1.000000
    0.000000    0.000000    0.000000    0.000000    0.000000    0.000000    0.000000    0.000000    0.000000    0.000000    0.000000    0.000000    0.000000    0.000000    0.000000    0.000000    0.000000    0.001000    0.358000    0.896000    0.997000    1.000000    1.000000    1.000000    1.000000    1.000000    1.000000    1.000000    1.000000    1.000000    1.000000    1.000000    1.000000    1.000000    1.000000    1.000000
    0.000000    0.000000    0.000000    0.000000    0.000000    0.000000    0.000000    0.000000    0.000000    0.000000    0.000000    0.000000    0.000000    0.000000    0.000000    0.000000    0.000000    0.000000    0.000000    0.080000    0.680000    0.990000    1.000000    1.000000    1.000000    1.000000    1.000000    1.000000    1.000000    1.000000    1.000000    1.000000    1.000000    1.000000    1.000000    1.000000
    0.000000    0.000000    0.000000    0.000000    0.000000    0.000000    0.000000    0.000000    0.000000    0.000000    0.000000    0.000000    0.000000    0.000000    0.000000    0.000000    0.000000    0.000000    0.000000    0.081000    0.645000    0.993000    1.000000    1.000000    1.000000    1.000000    1.000000    1.000000    1.000000    1.000000    1.000000    1.000000    1.000000    1.000000    1.000000    1.000000
    0.000000    0.000000    0.000000    0.000000    0.000000    0.000000    0.000000    0.000000    0.000000    0.000000    0.000000    0.000000    0.000000    0.000000    0.000000    0.000000    0.000000    0.004000    0.456000    0.939000    1.000000    1.000000    1.000000    1.000000    1.000000    1.000000    1.000000    1.000000    1.000000    1.000000    1.000000    1.000000    1.000000    1.000000    1.000000    1.000000
    0.000000    0.000000    0.000000    0.000000    0.000000    0.000000    0.000000    0.000000    0.000000    0.000000    0.000000    0.000000    0.000000    0.000000    0.000000    0.000000    0.001000    0.185000    0.932000    1.000000    1.000000    1.000000    1.000000    1.000000    1.000000    1.000000    1.000000    1.000000    1.000000    1.000000    1.000000    1.000000    1.000000    1.000000    1.000000    1.000000
    0.000000    0.000000    0.000000    0.000000    0.000000    0.000000    0.000000    0.000000    0.000000    0.000000    0.000000    0.000000    0.000000    0.000000    0.000000    0.000000    0.000000    0.051000    0.811000    0.993000    1.000000    1.000000    1.000000    1.000000    1.000000    1.000000    1.000000    1.000000    1.000000    1.000000    1.000000    1.000000    1.000000    1.000000    1.000000    1.000000
    0.000000    0.000000    0.000000    0.000000    0.000000    0.000000    0.000000    0.000000    0.000000    0.000000    0.000000    0.000000    0.000000    0.000000    0.000000    0.000000    0.000000    0.000000    0.084000    0.598000    0.985000    1.000000    1.000000    1.000000    1.000000    1.000000    1.000000    1.000000    1.000000    1.000000    1.000000    1.000000    1.000000    1.000000    1.000000    1.000000
    0.000000    0.000000    0.000000    0.000000    0.000000    0.000000    0.000000    0.000000    0.000000    0.000000    0.000000    0.000000    0.000000    0.000000    0.000000    0.000000    0.000000    0.033000    0.680000    0.983000    1.000000    1.000000    1.000000    1.000000    1.000000    1.000000    1.000000    1.000000    1.000000    1.000000    1.000000    1.000000    1.000000    1.000000    1.000000    1.000000
    0.000000    0.000000    0.000000    0.000000    0.000000    0.000000    0.000000    0.000000    0.000000    0.000000    0.000000    0.000000    0.000000    0.000000    0.000000    0.000000    0.000000    0.013000    0.460000    0.950000    1.000000    1.000000    1.000000    1.000000    1.000000    1.000000    1.000000    1.000000    1.000000    1.000000    1.000000    1.000000    1.000000    1.000000    1.000000    1.000000
    0.000000    0.000000    0.000000    0.000000    0.000000    0.000000    0.000000    0.000000    0.000000    0.000000    0.000000    0.000000    0.000000    0.000000    0.000000    0.000000    0.000000    0.000000    0.190000    0.806000    0.999000    1.000000    1.000000    1.000000    1.000000    1.000000    1.000000    1.000000    1.000000    1.000000    1.000000    1.000000    1.000000    1.000000    1.000000    1.000000
    0.000000    0.000000    0.000000    0.000000    0.000000    0.000000    0.000000    0.000000    0.000000    0.000000    0.000000    0.000000    0.000000    0.000000    0.000000    0.000000    0.003000    0.095000    0.891000    0.997000    1.000000    1.000000    1.000000    1.000000    1.000000    1.000000    1.000000    1.000000    1.000000    1.000000    1.000000    1.000000    1.000000    1.000000    1.000000    1.000000
    0.000000    0.000000    0.000000    0.000000    0.000000    0.000000    0.000000    0.000000    0.000000    0.000000    0.000000    0.000000    0.000000    0.000000    0.000000    0.000000    0.000000    0.006000    0.460000    0.934000    0.999000    1.000000    1.000000    1.000000    1.000000    1.000000    1.000000    1.000000    1.000000    1.000000    1.000000    1.000000    1.000000    1.000000    1.000000    1.000000
    0.000000    0.000000    0.000000    0.000000    0.000000    0.000000    0.000000    0.000000    0.000000    0.000000    0.000000    0.000000    0.000000    0.000000    0.000000    0.000000    0.000000    0.000000    0.000000    0.025000    0.444000    0.962000    1.000000    1.000000    1.000000    1.000000    1.000000    1.000000    1.000000    1.000000    1.000000    1.000000    1.000000    1.000000    1.000000    1.000000
    0.000000    0.000000    0.000000    0.000000    0.000000    0.000000    0.000000    0.000000    0.000000    0.000000    0.000000    0.000000    0.000000    0.000000    0.000000    0.000000    0.000000    0.000000    0.027000    0.424000    0.952000    1.000000    1.000000    1.000000    1.000000    1.000000    1.000000    1.000000    1.000000    1.000000    1.000000    1.000000    1.000000    1.000000    1.000000    1.000000
    0.000000    0.000000    0.000000    0.000000    0.000000    0.000000    0.000000    0.000000    0.000000    0.000000    0.000000    0.000000    0.000000    0.000000    0.000000    0.000000    0.000000    0.008000    0.550000    0.968000    1.000000    1.000000    1.000000    1.000000    1.000000    1.000000    1.000000    1.000000    1.000000    1.000000    1.000000    1.000000    1.000000    1.000000    1.000000    1.000000
    0.000000    0.000000    0.000000    0.000000    0.000000    0.000000    0.000000    0.000000    0.000000    0.000000    0.000000    0.000000    0.000000    0.000000    0.000000    0.000000    0.000000    0.000000    0.007000    0.222000    0.831000    0.999000    1.000000    1.000000    1.000000    1.000000    1.000000    1.000000    1.000000    1.000000    1.000000    1.000000    1.000000    1.000000    1.000000    1.000000
    0.000000    0.000000    0.000000    0.000000    0.000000    0.000000    0.000000    0.000000    0.000000    0.000000    0.000000    0.000000    0.000000    0.000000    0.000000    0.000000    0.000000    0.000000    0.198000    0.788000    0.999000    1.000000    1.000000    1.000000    1.000000    1.000000    1.000000    1.000000    1.000000    1.000000    1.000000    1.000000    1.000000    1.000000    1.000000    1.000000
    0.000000    0.000000    0.000000    0.000000    0.000000    0.000000    0.000000    0.000000    0.000000    0.000000    0.000000    0.000000    0.000000    0.000000    0.000000    0.000000    0.000000    0.000000    0.003000    0.238000    0.882000    1.000000    1.000000    1.000000    1.000000    1.000000    1.000000    1.000000    1.000000    1.000000    1.000000    1.000000    1.000000    1.000000    1.000000    1.000000
    0.000000    0.000000    0.000000    0.000000    0.000000    0.000000    0.000000    0.000000    0.000000    0.000000    0.000000    0.000000    0.000000    0.000000    0.000000    0.000000    0.000000    0.000000    0.241000    0.848000    0.998000    1.000000    1.000000    1.000000    1.000000    1.000000    1.000000    1.000000    1.000000    1.000000    1.000000    1.000000    1.000000    1.000000    1.000000    1.000000
    0.000000    0.000000    0.000000    0.000000    0.000000    0.000000    0.000000    0.000000    0.000000    0.000000    0.000000    0.000000    0.000000    0.000000    0.000000    0.000000    0.000000    0.000000    0.000000    0.031000    0.487000    0.972000    1.000000    1.000000    1.000000    1.000000    1.000000    1.000000    1.000000    1.000000    1.000000    1.000000    1.000000    1.000000    1.000000    1.000000
    0.000000    0.000000    0.000000    0.000000    0.000000    0.000000    0.000000    0.000000    0.000000    0.000000    0.000000    0.000000    0.000000    0.000000    0.000000    0.000000    0.001000    0.008000    0.373000    0.884000    0.994000    1.000000    1.000000    1.000000    1.000000    1.000000    1.000000    1.000000    1.000000    1.000000    1.000000    1.000000    1.000000    1.000000    1.000000    1.000000
