    0.000000    0.243504    0.487008    0.730512    0.974016    1.217520    1.461023    1.704527    1.948031    2.191535    2.435039    2.678543    2.922047    3.165551    3.409055    3.652559    3.896062    4.139566    4.383070    4.626574    4.870078    5.113582    5.357086    5.600590    5.844094    6.087598    6.331101    6.574605    6.818109    7.061613    7.305117    7.548621    7.792125    8.035629    8.279133    8.522637    8.766140    9.009644    9.253148    9.496652    9.740156    9.983660
    0.000000    0.000000    0.000000    0.000000    0.000000    0.000000    0.000000    0.000000    0.000000    0.000000    0.000000    0.000000    0.000000    0.000000    0.000000    0.000000    0.000000    0.003000    0.026000    0.280000    0.896000    0.999000    1.000000    1.000000    1.000000    1.000000    1.000000    1.000000    1.000000    1.000000    1.000000    1.000000    1.000000    1.000000    1.000000    1.000000    1.000000    1.000000    1.000000    1.000000    1.000000    1.000000
    0.000000    0.000000    0.000000    0.000000    0.000000    0.000000    0.000000    0.000000    0.000000    0.000000    0.000000    0.000000    0.000000    0.000000    0.000000    0.000000    0.000000    0.000000    0.000000    0.027000    0.349000    0.933000    0.999000    1.000000    1.000000    1.000000    1.000000    1.000000    1.000000    1.000000    1.000000    1.000000    1.000000    1.000000    1.000000    1.000000    1.000000    1.000000    1.000000    1.000000    1.000000    1.000000
    0.000000    0.000000    0.000000    0.000000    0.000000    0.000000    0.000000    0.000000    0.000000    0.000000    0.000000    0.000000    0.000000    0.000000    0.000000    0.001000    0.003000    0.008000    0.034000    0.036000    0.127000    0.536000    0.909000    0.986000    0.991000    1.000000    1.000000    1.000000    1.000000    1.000000    1.000000    1.000000    1.000000    1.000000    1.000000    1.000000    1.000000    1.000000    1.000000    1.000000    1.000000    1.000000
    0.000000    0.000000    0.000000    0.000000    0.000000    0.000000    0.000000    0.000000    0.000000    0.000000    0.000000    0.000000    0.000000    0.000000    0.000000    0.000000    0.000000    0.000000    0.008000    0.059000    0.442000    0.956000    1.000000    1.000000    1.000000    1.000000    1.000000    1.000000    1.000000    1.000000    1.000000    1.000000    1.000000    1.000000    1.000000    1.000000    1.000000    1.000000    1.000000    1.000000    1.000000    1.000000
    0.000000    0.000000    0.000000    0.000000    0.000000    0.000000    0.000000    0.000000    0.000000    0.000000    0.000000    0.000000    0.000000    0.000000    0.000000    0.000000    0.000000    0.000000    0.001000    0.040000    0.604000    0.996000    1.000000    1.000000    1.000000    1.000000    1.000000    1.000000    1.000000    1.000000    1.000000    1.000000    1.000000    1.000000    1.000000    1.000000    1.000000    1.000000    1.000000    1.000000    1.000000    1.000000
    0.000000    0.000000    0.000000    0.000000    0.000000    0.000000    0.000000    0.000000    0.000000    0.000000    0.000000    0.000000    0.000000    0.000000    0.000000    0.000000    0.000000    0.000000    0.000000    0.066000    0.656000    0.987000    1.000000    1.000000    1.000000    1.000000    1.000000    1.000000    1.000000    1.000000    1.000000    1.000000    1.000000    1.000000    1.000000    1.000000    1.000000    1.000000    1.000000    1.000000    1.000000    1.000000
    0.000000    0.000000    0.000000    0.000000    0.000000    0.000000    0.000000    0.000000    0.000000    0.000000    0.000000    0.000000    0.000000    0.000000    0.000000    0.000000    0.000000    0.000000    0.000000    0.000000    0.001000    0.039000    0.593000    0.993000    1.000000    1.000000    1.000000    1.000000    1.000000    1.000000    1.000000    1.000000    1.000000    1.000000    1.000000    1.000000    1.000000    1.000000    1.000000    1.000000    1.000000    1.000000
    0.000000    0.000000    0.000000    0.000000    0.000000    0.000000    0.000000    0.000000    0.000000    0.000000    0.000000    0.000000    0.000000    0.000000    0.000000    0.000000    0.000000    0.000000    0.003000    0.067000    0.566000    0.986000    1.000000    1.000000    1.000000    1.000000    1.000000    1.000000    1.000000    1.000000    1.000000    1.000000    1.000000    1.000000    1.000000    1.000000    1.000000    1.000000    1.000000    1.000000    1.000000    1.000000
    0.000000    0.000000    0.000000    0.000000    0.000000    0.000000    0.000000    0.000000    0.000000    0.000000    0.000000    0.000000    0.000000    0.000000    0.000000    0.000000    0.000000    0.000000    0.000000    0.000000    0.000000    0.087000    0.796000    1.000000    1.000000    1.000000    1.000000    1.000000    1.000000    1.000000    1.000000    1.000000    1.000000    1.000000    1.000000    1.000000    1.000000    1.000000    1.000000    1.000000    1.000000    1.000000
    0.000000    0.000000    0.000000    0.000000    0.000000    0.000000    0.000000    0.000000    0.000000    0.000000    0.000000    0.000000    0.000000    0.000000    0.000000    0.000000    0.000000    0.000000    0.000000    0.000000    0.013000    0.436000    0.983000    1.000000    1.000000    1.000000    1.000000    1.000000    1.000000    1.000000    1.000000    1.000000    1.000000    1.000000    1.000000    1.000000    1.000000    1.000000    1.000000    1.000000    1.000000    1.000000
    0.000000    0.000000    0.000000    0.000000    0.000000    0.000000    0.000000    0.000000    0.000000    0.000000    0.000000    0.000000    0.000000    0.000000    0.000000    0.000000    0.000000    0.000000    0.000000    0.000000    0.007000    0.294000    0.940000    1.000000    1.000000    1.000000    1.000000    1.000000    1.000000    1.000000    1.000000    1.000000    1.000000    1.000000    1.000000    1.000000    1.000000    1.000000    1.000000    1.000000    1.000000    1.000000
    0.000000    0.000000    0.000000    0.000000    0.000000    0.000000    0.000000    0.000000    0.000000    0.000000    0.000000    0.000000    0.000000    0.000000    0.000000    0.000000    0.000000    0.000000    0.000000    0.001000    0.143000    0.821000    0.999000    1.000000    1.000000    1.000000    1.000000    1.000000    1.000000    1.000000    1.000000    1.000000    1.000000    1.000000    1.000000    1.000000    1.000000    1.000000    1.000000    1.000000    1.000000    1.000000
    0.000000    0.000000    0.000000    0.000000    0.000000    0.000000    0.000000    0.000000    0.000000    0.000000    0.000000    0.000000    0.000000    0.000000    0.000000    0.000000    0.000000    0.000000    0.011000    0.342000    0.939000    1.000000    1.000000    1.000000    1.000000    1.000000    1.000000    1.000000    1.000000    1.000000    1.000000    1.000000    1.000000    1.000000    1.000000    1.000000    1.000000    1.000000    1.000000    1.000000    1.000000    1.000000
    0.000000    0.000000    0.000000    0.000000    0.000000    0.000000    0.000000    0.000000    0.000000    0.000000    0.000000    0.000000    0.000000    0.000000    0.000000    0.000000    0.000000    0.009000    0.402000    0.930000    1.000000    1.000000    1.000000    1.000000    1.000000    1.000000    1.000000    1.000000    1.000000    1.000000    1.000000    1.000000    1.000000    1.000000    1.000000    1.000000    1.000000    1.000000    1.000000    1.000000    1.000000    1.000000
    0.000000    0.000000    0.000000    0.000000    0.000000    0.000000    0.000000    0.000000    0.000000    0.000000    0.000000    0.000000    0.000000    0.000000    0.000000    0.000000    0.000000    0.000000    0.009000    0.212000    0.845000    1.000000    1.000000    1.000000    1.000000    1.000000    1.000000    1.000000    1.000000    1.000000    1.000000    1.000000    1.000000    1.000000    1.000000    1.000000    1.000000    1.000000    1.000000    1.000000    1.000000    1.000000
    0.000000    0.000000    0.000000    0.000000    0.000000    0.000000    0.000000    0.000000    0.000000    0.000000    0.000000    0.000000    0.000000    0.000000    0.000000    0.000000    0.000000    0.000000    0.007000    0.224000    0.838000    1.000000    1.000000    1.000000    1.000000    1.000000    1.000000    1.000000    1.000000    1.000000    1.000000    1.000000    1.000000    1.000000    1.000000    1.000000    1.000000    1.000000    1.000000    1.000000    1.000000    1.000000
    0.000000    0.000000    0.000000    0.000000    0.000000    0.000000    0.000000    0.000000    0.000000    0.000000    0.000000    0.000000    0.000000    0.000000    0.000000    0.000000    0.000000    0.000000    0.000000    0.000000    0.024000    0.538000    0.995000    1.000000    1.000000    1.000000    1.000000    1.000000    1.000000    1.000000    1.000000    1.000000    1.000000    1.000000    1.000000    1.000000    1.000000    1.000000    1.000000    1.000000    1.000000    1.000000
    0.000000    0.000000    0.000000    0.000000    0.000000    0.000000    0.000000    0.000000    0.000000    0.000000    0.000000    0.000000    0.000000    0.000000    0.000000    0.000000    0.000000    0.000000    0.000000    0.000000    0.061000    0.695000    0.994000    1.000000    1.000000    1.000000    1.000000    1.000000    1.000000    1.000000    1.000000    1.000000    1.000000    1.000000    1.000000    1.000000    1.000000    1.000000    1.000000    1.000000    1.000000    1.000000
    0.000000    0.000000    0.000000    0.000000    0.000000    0.000000    0.000000    0.000000    0.000000    0.000000    0.000000    0.000000    0.000000    0.000000    0.000000    0.000000    0.000000    0.000000    0.012000    0.294000    0.892000    1.000000    1.000000    1.000000    1.000000    1.000000    1.000000    1.000000    1.000000    1.000000    1.000000    1.000000    1.000000    1.000000    1.000000    1.000000    1.000000    1.000000    1.000000    1.000000    1.000000    1.000000
    0.000000    0.000000    0.000000    0.000000    0.000000    0.000000    0.000000    0.000000    0.000000    0.000000    0.000000    0.000000    0.000000    0.000000    0.000000    0.000000    0.000000    0.000000    0.000000    0.003000    0.136000    0.816000    1.000000    1.000000    1.000000    1.000000    1.000000    1.000000    1.000000    1.000000    1.000000    1.000000    1.000000    1.000000    1.000000    1.000000    1.000000    1.000000    1.000000    1.000000    1.000000    1.000000
    0.000000    0.000000    0.000000    0.000000    0.000000    0.000000    0.000000    0.000000    0.000000    0.000000    0.000000    0.000000    0.000000    0.000000    0.000000    0.000000    0.000000    0.000000    0.000000    0.032000    0.530000    0.987000    1.000000    1.000000    1.000000    1.000000    1.000000    1.000000    1.000000    1.000000    1.000000    1.000000    1.000000    1.000000    1.000000    1.000000    1.000000    1.000000    1.000000    1.000000    1.000000    1.000000
    0.000000    0.000000    0.000000    0.000000    0.000000    0.000000    0.000000    0.000000    0.000000    0.000000    0.000000    0.000000    0.000000    0.000000    0.000000    0.000000    0.000000    0.000000    0.000000    0.001000    0.102000    0.848000    1.000000    1.000000    1.000000    1.000000    1.000000    1.000000    1.000000    1.000000    1.000000    1.000000    1.000000    1.000000    1.000000    1.000000    1.000000    1.000000    1.000000    1.000000    1.000000    1.000000
    0.000000    0.000000    0.000000    0.000000    0.000000    0.000000    0.000000    0.000000    0.000000    0.000000    0.000000    0.000000    0.000000    0.000000    0.000000    0.000000    0.000000    0.000000    0.034000    0.443000    0.966000    1.000000    1.000000    1.000000    1.000000    1.000000    1.000000    1.000000    1.000000    1.000000    1.000000    1.000000    1.000000    1.000000    1.000000    1.000000    1.000000    1.000000    1.000000    1.000000    1.000000    1.000000
    0.000000    0.000000    0.000000    0.000000    0.000000    0.000000    0.000000    0.000000    0.000000    0.000000    0.000000    0.000000    0.000000    0.000000    0.000000    0.000000    0.000000    0.000000    0.099000    0.626000    0.989000    1.000000    1.000000    1.000000    1.000000    1.000000    1.000000    1.000000    1.000000    1.000000    1.000000    1.000000    1.000000    1.000000    1.000000    1.000000    1.000000    1.000000    1.000000    1.000000    1.000000    1.000000
    0.000000    0.000000    0.000000    0.000000    0.000000    0.000000    0.000000    0.000000    0.000000    0.000000    0.000000    0.000000    0.000000    0.000000    0.000000    0.000000    0.000000    0.000000    0.000000    0.000000    0.016000    0.441000    0.982000    1.000000    1.000000    1.000000    1.000000    1.000000    1.000000    1.000000    1.000000    1.000000    1.000000    1.000000    1.000000    1.000000    1.000000    1.000000    1.000000    1.000000    1.000000    1.000000
    0.000000    0.000000    0.000000    0.000000    0.000000    0.000000    0.000000    0.000000    0.000000    0.000000    0.000000    0.000000    0.000000    0.000000    0.000000    0.000000    0.000000    0.000000    0.000000    0.002000    0.142000    0.852000    0.999000    1.000000    1.000000    1.000000    1.000000    1.000000    1.000000    1.000000    1.000000    1.000000    1.000000    1.000000    1.000000    1.000000    1.000000    1.000000    1.000000    1.000000    1.000000    1.000000
    0.000000    0.000000    0.000000    0.000000    0.000000    0.000000    0.000000    0.000000    0.000000    0.000000    0.000000    0.000000    0.000000    0.000000    0.000000    0.000000    0.000000    0.000000    0.000000    0.000000    0.040000    0.653000    0.995000    1.000000    1.000000    1.000000    1.000000    1.000000    1.000000    1.000000    1.000000    1.000000    1.000000    1.000000    1.000000    1.000000    1.000000    1.000000    1.000000    1.000000    1.000000    1.000000
    0.000000    0.000000    0.000000    0.000000    0.000000    0.000000    0.000000    0.000000    0.000000    0.000000    0.000000    0.000000    0.000000    0.000000    0.000000    0.000000    0.000000    0.000000    0.003000    0.131000    0.738000    0.997000    1.000000    1.000000    1.000000    1.000000    1.000000    1.000000    1.000000    1.000000    1.000000    1.000000    1.000000    1.000000    1.000000    1.000000    1.000000    1.000000    1.000000    1.000000    1.000000    1.000000
    0.000000    0.000000    0.000000    0.000000    0.000000    0.000000    0.000000    0.000000    0.000000    0.000000    0.000000    0.000000    0.000000    0.000000    0.000000    0.000000    0.000000    0.000000    0.000000    0.001000    0.025000    0.513000    0.992000    1.000000    1.000000    1.000000    1.000000    1.000000    1.000000    1.000000    1.000000    1.000000    1.000000    1.000000    1.000000    1.000000    1.000000    1.000000    1.000000    1.000000    1.000000    1.000000
    0.000000    0.000000    0.000000    0.000000    0.000000    0.000000    0.000000    0.000000    0.000000    0.000000    0.000000    0.000000    0.000000    0.000000    0.000000    0.000000    0.000000    0.000000    0.000000    0.000000    0.023000    0.560000    0.991000    1.000000    1.000000    1.000000    1.000000    1.000000    1.000000    1.000000    1.000000    1.000000    1.000000    1.000000    1.000000    1.000000    1.000000    1.000000    1.000000    1.000000    1.000000    1.000000
    0.000000    0.000000    0.000000    0.000000    0.000000    0.000000    0.000000    0.000000    0.000000    0.000000    0.000000    0.000000    0.000000    0.000000    0.000000    0.000000    0.000000    0.000000    0.000000    0.081000    0.657000    0.993000    1.000000    1.000000    1.000000    1.000000    1.000000    1.000000    1.000000    1.000000    1.000000    1.000000    1.000000    1.000000    1.000000    1.000000    1.000000    1.000000    1.000000    1.000000    1.000000    1.000000
    0.000000    0.000000    0.000000    0.000000    0.000000    0.000000    0.000000    0.000000    0.000000    0.000000    0.000000    0.000000    0.000000    0.000000    0.000000    0.000000    0.000000    0.000000    0.000000    0.000000    0.086000    0.734000    0.997000    1.000000    1.000000    1.000000    1.000000    1.000000    1.000000    1.000000    1.000000    1.000000    1.000000    1.000000    1.000000    1.000000    1.000000    1.000000    1.000000    1.000000    1.000000    1.000000
    0.000000    0.000000    0.000000    0.000000    0.000000    0.000000    0.000000    0.000000    0.000000    0.000000    0.000000    0.000000    0.000000    0.000000    0.000000    0.000000    0.000000    0.000000    0.000000    0.005000    0.253000    0.939000    1.000000    1.000000    1.000000    1.000000    1.000000    1.000000    1.000000    1.000000    1.000000    1.000000    1.000000    1.000000    1.000000    1.000000    1.000000    1.000000    1.000000    1.000000    1.000000    1.000000
    0.000000    0.000000    0.000000    0.000000    0.000000    0.000000    0.000000    0.000000    0.000000    0.000000    0.000000    0.000000    0.000000    0.000000    0.000000    0.000000    0.000000    0.000000    0.000000    0.001000    0.117000    0.830000    1.000000    1.000000    1.000000    1.000000    1.000000    1.000000    1.000000    1.000000    1.000000    1.000000    1.000000    1.000000    1.000000    1.000000    1.000000    1.000000    1.000000    1.000000    1.000000    1.000000
    0.000000    0.000000    0.000000    0.000000    0.000000    0.000000    0.000000    0.000000    0.000000    0.000000    0.000000    0.000000    0.000000    0.000000    0.000000    0.000000    0.000000    0.000000    0.002000    0.143000    0.808000    0.999000    1.000000    1.000000    1.000000    1.000000    1.000000    1.000000    1.000000    1.000000    1.000000    1.000000    1.000000    1.000000    1.000000    1.000000    1.000000    1.000000    1.000000    1.000000    1.000000    1.000000
    0.000000    0.000000    0.000000    0.000000    0.000000    0.000000    0.000000    0.000000    0.000000    0.000000    0.000000    0.000000    0.000000    0.000000    0.000000    0.000000    0.000000    0.000000    0.019000    0.295000    0.905000    1.000000    1.000000    1.000000    1.000000    1.000000    1.000000    1.000000    1.000000    1.000000    1.000000    1.000000    1.000000    1.000000    1.000000    1.000000    1.000000    1.000000    1.000000    1.000000    1.000000    1.000000
    0.000000    0.000000    0.000000    0.000000    0.000000    0.000000    0.000000    0.000000    0.000000    0.000000    0.000000    0.000000    0.000000    0.000000    0.000000    0.000000    0.000000    0.000000    0.000000    0.073000    0.689000    1.000000    1.000000    1.000000    1.000000    1.000000    1.000000    1.000000    1.000000    1.000000    1.000000    1.000000    1.000000    1.000000    1.000000    1.000000    1.000000    1.000000    1.000000    1.000000    1.000000    1.000000
    0.000000    0.000000    0.000000    0.000000    0.000000    0.000000    0.000000    0.000000    0.000000    0.000000    0.000000    0.000000    0.000000    0.000000    0.000000    0.000000    0.000000    0.000000    0.000000    0.004000    0.241000    0.948000    1.000000    1.000000    1.000000    1.000000    1.000000    1.000000    1.000000    1.000000    1.000000    1.000000    1.000000    1.000000    1.000000    1.000000    1.000000    1.000000    1.000000    1.000000    1.000000    1.000000
    0.000000    0.000000    0.000000    0.000000    0.000000    0.000000    0.000000    0.000000    0.000000    0.000000    0.000000    0.000000    0.000000    0.000000    0.000000    0.000000    0.000000    0.000000    0.000000    0.027000    0.466000    0.985000    1.000000    1.000000    1.000000    1.000000    1.000000    1.000000    1.000000    1.000000    1.000000    1.000000    1.000000    1.000000    1.000000    1.000000    1.000000    1.000000    1.000000    1.000000    1.000000    1.000000
    0.000000    0.000000    0.000000    0.000000    0.000000    0.000000    0.000000    0.000000    0.000000    0.000000    0.000000    0.000000    0.000000    0.000000    0.000000    0.000000    0.000000    0.000000    0.000000    0.000000    0.005000    0.311000    0.960000    1.000000    1.000000    1.000000    1.000000    1.000000    1.000000    1.000000    1.000000    1.000000    1.000000    1.000000    1.000000    1.000000    1.000000    1.000000    1.000000    1.000000    1.000000    1.000000
    0.000000    0.000000    0.000000    0.000000    0.000000    0.000000    0.000000    0.000000    0.000000    0.000000    0.000000    0.000000    0.000000    0.000000    0.000000    0.000000    0.000000    0.000000    0.000000    0.007000    0.258000    0.955000    1.000000    1.000000    1.000000    1.000000    1.000000    1.000000    1.000000    1.000000    1.000000    1.000000    1.000000    1.000000    1.000000    1.000000    1.000000    1.000000    1.000000    1.000000    1.000000    1.000000
    0.000000    0.000000    0.000000    0.000000    0.000000    0.000000    0.000000    0.000000    0.000000    0.000000    0.000000    0.000000    0.000000    0.000000    0.000000    0.000000    0.000000    0.000000    0.000000    0.000000    0.007000    0.430000    0.981000    1.000000    1.000000    1.000000    1.000000    1.000000    1.000000    1.000000    1.000000    1.000000    1.000000    1.000000    1.000000    1.000000    1.000000    1.000000    1.000000    1.000000    1.000000    1.000000
    0.000000    0.000000    0.000000    0.000000    0.000000    0.000000    0.000000    0.000000    0.000000    0.000000    0.000000    0.000000    0.000000    0.000000    0.000000    0.000000    0.000000    0.000000    0.000000    0.000000    0.000000    0.000000    0.199000    0.935000    1.000000    1.000000    1.000000    1.000000    1.000000    1.000000    1.000000    1.000000    1.000000    1.000000    1.000000    1.000000    1.000000    1.000000    1.000000    1.000000    1.000000    1.000000
    0.000000    0.000000    0.000000    0.000000    0.000000    0.000000    0.000000    0.000000    0.000000    0.000000    0.000000    0.000000    0.000000    0.000000    0.000000    0.000000    0.000000    0.000000    0.000000    0.001000    0.050000    0.674000    0.992000    1.000000    1.000000    1.000000    1.000000    1.000000    1.000000    1.000000    1.000000    1.000000    1.000000    1.000000    1.000000    1.000000    1.000000    1.000000    1.000000    1.000000    1.000000    1.000000
    0.000000    0.000000    0.000000    0.000000    0.000000    0.000000    0.000000    0.000000    0.000000    0.000000    0.000000    0.000000    0.000000    0.000000    0.000000    0.000000    0.000000    0.000000    0.000000    0.005000    0.281000    0.955000    1.000000    1.000000    1.000000    1.000000    1.000000    1.000000    1.000000    1.000000    1.000000    1.000000    1.000000    1.000000    1.000000    1.000000    1.000000    1.000000    1.000000    1.000000    1.000000    1.000000
    0.000000    0.000000    0.000000    0.000000    0.000000    0.000000    0.000000    0.000000    0.000000    0.000000    0.000000    0.000000    0.000000    0.000000    0.000000    0.000000    0.000000    0.000000    0.133000    0.730000    0.992000    1.000000    1.000000    1.000000    1.000000    1.000000    1.000000    1.000000    1.000000    1.000000    1.000000    1.000000    1.000000    1.000000    1.000000    1.000000    1.000000    1.000000    1.000000    1.000000    1.000000    1.000000
    0.000000    0.000000    0.000000    0.000000    0.000000    0.000000    0.000000    0.000000    0.000000    0.000000    0.000000    0.000000    0.000000    0.000000    0.000000    0.000000    0.000000    0.000000    0.000000    0.000000    0.050000    0.719000    0.998000    1.000000    1.000000    1.000000    1.000000    1.000000    1.000000    1.000000    1.000000    1.000000    1.000000    1.000000    1.000000    1.000000    1.000000    1.000000    1.000000    1.000000    1.000000    1.000000
    0.000000    0.000000    0.000000    0.000000    0.000000    0.000000    0.000000    0.000000    0.000000    0.000000    0.000000    0.000000    0.000000    0.000000    0.000000    0.000000    0.000000    0.000000    0.000000    0.000000    0.099000    0.820000    1.000000    1.000000    1.000000    1.000000    1.000000    1.000000    1.000000    1.000000    1.000000    1.000000    1.000000    1.000000    1.000000    1.000000    1.000000    1.000000    1.000000    1.000000    1.000000    1.000000
    0.000000    0.000000    0.000000    0.000000    0.000000    0.000000    0.000000    0.000000    0.000000    0.000000    0.000000    0.000000    0.000000    0.000000    0.000000    0.000000    0.000000    0.000000    0.084000    0.671000    0.990000    1.000000    1.000000    1.000000    1.000000    1.000000    1.000000    1.000000    1.000000    1.000000    1.000000    1.000000    1.000000    1.000000    1.000000    1.000000    1.000000    1.000000    1.000000    1.000000    1.000000    1.000000
    0.000000    0.000000    0.000000    0.000000    0.000000    0.000000    0.000000    0.000000    0.000000    0.000000    0.000000    0.000000    0.000000    0.000000    0.000000    0.000000    0.000000    0.155000    0.847000    1.000000    1.000000    1.000000    1.000000    1.000000    1.000000    1.000000    1.000000    1.000000    1.000000    1.000000    1.000000    1.000000    1.000000    1.000000    1.000000    1.000000    1.000000    1.000000    1.000000    1.000000    1.000000    1.000000
    0.000000    0.000000    0.000000    0.000000    0.000000    0.000000    0.000000    0.000000    0.000000    0.000000    0.000000    0.000000    0.000000    0.000000    0.000000    0.000000    0.000000    0.000000    0.013000    0.310000    0.927000    1.000000    1.000000    1.000000    1.000000    1.000000    1.000000    1.000000    1.000000    1.000000    1.000000    1.000000    1.000000    1.000000    1.000000    1.000000    1.000000    1.000000    1.000000    1.000000    1.000000    1.000000
    0.000000    0.000000    0.000000    0.000000    0.000000    0.000000    0.000000    0.000000    0.000000    0.000000    0.000000    0.000000    0.000000    0.000000    0.000000    0.000000    0.000000    0.000000    0.000000    0.000000    0.039000    0.637000    0.998000    1.000000    1.000000    1.000000    1.000000    1.000000    1.000000    1.000000    1.000000    1.000000    1.000000    1.000000    1.000000    1.000000    1.000000    1.000000    1.000000    1.000000    1.000000    1.000000
    0.000000    0.000000    0.000000    0.000000    0.000000    0.000000    0.000000    0.000000    0.000000    0.000000    0.000000    0.000000    0.000000    0.000000    0.000000    0.000000    0.000000    0.000000    0.000000    0.080000    0.718000    0.998000    1.000000    1.000000    1.000000    1.000000    1.000000    1.000000    1.000000    1.000000    1.000000    1.000000    1.000000    1.000000    1.000000    1.000000    1.000000    1.000000    1.000000    1.000000    1.000000    1.000000
    0.000000    0.000000    0.000000    0.000000    0.000000    0.000000    0.000000    0.000000    0.000000    0.000000    0.000000    0.000000    0.000000    0.000000    0.000000    0.000000    0.000000    0.000000    0.026000    0.455000    0.969000    1.000000    1.000000    1.000000    1.000000    1.000000    1.000000    1.000000    1.000000    1.000000    1.000000    1.000000    1.000000    1.000000    1.000000    1.000000    1.000000    1.000000    1.000000    1.000000    1.000000    1.000000
    0.000000    0.000000    0.000000    0.000000    0.000000    0.000000    0.000000    0.000000    0.000000    0.000000    0.000000    0.000000    0.000000    0.000000    0.000000    0.000000    0.000000    0.000000    0.000000    0.007000    0.273000    0.941000    1.000000    1.000000    1.000000    1.000000    1.000000    1.000000    1.000000    1.000000    1.000000    1.000000    1.000000    1.000000    1.000000    1.000000    1.000000    1.000000    1.000000    1.000000    1.000000    1.000000
    0.000000    0.000000    0.000000    0.000000    0.000000    0.000000    0.000000    0.000000    0.000000    0.000000    0.000000    0.000000    0.000000    0.000000    0.000000    0.000000    0.000000    0.000000    0.025000    0.416000    0.960000    1.000000    1.000000    1.000000    1.000000    1.000000    1.000000    1.000000    1.000000    1.000000    1.000000    1.000000    1.000000    1.000000    1.000000    1.000000    1.000000    1.000000    1.000000    1.000000    1.000000    1.000000
    0.000000    0.000000    0.000000    0.000000    0.000000    0.000000    0.000000    0.000000    0.000000    0.000000    0.000000    0.000000    0.000000    0.000000    0.000000    0.000000    0.000000    0.000000    0.000000    0.000000    0.000000    0.096000    0.843000    1.000000    1.000000    1.000000    1.000000    1.000000    1.000000    1.000000    1.000000    1.000000    1.000000    1.000000    1.000000    1.000000    1.000000    1.000000    1.000000    1.000000    1.000000    1.000000
    0.000000    0.000000    0.000000    0.000000    0.000000    0.000000    0.000000    0.000000    0.000000    0.000000    0.000000    0.000000    0.000000    0.000000    0.000000    0.000000    0.000000    0.000000    0.000000    0.000000    0.100000    0.838000    1.000000    1.000000    1.000000    1.000000    1.000000    1.000000    1.000000    1.000000    1.000000    1.000000    1.000000    1.000000    1.000000    1.000000    1.000000    1.000000    1.000000    1.000000    1.000000    1.000000
    0.000000    0.000000    0.000000    0.000000    0.000000    0.000000    0.000000    0.000000    0.000000    0.000000    0.000000    0.000000    0.000000    0.000000    0.000000    0.000000    0.000000    0.000000    0.000000    0.005000    0.226000    0.931000    1.000000    1.000000    1.000000    1.000000    1.000000    1.000000    1.000000    1.000000    1.000000    1.000000    1.000000    1.000000    1.000000    1.000000    1.000000    1.000000    1.000000    1.000000    1.000000    1.000000
    0.000000    0.000000    0.000000    0.000000    0.000000    0.000000    0.000000    0.000000    0.000000    0.000000    0.000000    0.000000    0.000000    0.000000    0.000000    0.000000    0.000000    0.000000    0.000000    0.000000    0.000000    0.030000    0.649000    0.998000    1.000000    1.000000    1.000000    1.000000    1.000000    1.000000    1.000000    1.000000    1.000000    1.000000    1.000000    1.000000    1.000000    1.000000    1.000000    1.000000    1.000000    1.000000
    0.000000    0.000000    0.000000    0.000000    0.000000    0.000000    0.000000    0.000000    0.000000    0.000000    0.000000    0.000000    0.000000    0.000000    0.000000    0.000000    0.000000    0.000000    0.001000    0.163000    0.850000    1.000000    1.000000    1.000000    1.000000    1.000000    1.000000    1.000000    1.000000    1.000000    1.000000    1.000000    1.000000    1.000000    1.000000    1.000000    1.000000    1.000000    1.000000    1.000000    1.000000    1.000000
    0.000000    0.000000    0.000000    0.000000    0.000000    0.000000    0.000000    0.000000    0.000000    0.000000    0.000000    0.000000    0.000000    0.000000    0.000000    0.000000    0.000000    0.000000    0.000000    0.000000    0.046000    0.693000    0.998000    1.000000    1.000000    1.000000    1.000000    1.000000    1.000000    1.000000    1.000000    1.000000    1.000000    1.000000    1.000000    1.000000    1.000000    1.000000    1.000000    1.000000    1.000000    1.000000
    0.000000    0.000000    0.000000    0.000000    0.000000    0.000000    0.000000    0.000000    0.000000    0.000000    0.000000    0.000000    0.000000    0.000000    0.000000    0.000000    0.000000    0.000000    0.000000    0.000000    0.003000    0.409000    0.981000    1.000000    1.000000    1.000000    1.000000    1.000000    1.000000    1.000000    1.000000    1.000000    1.000000    1.000000    1.000000    1.000000    1.000000    1.000000    1.000000    1.000000    1.000000    1.000000
    0.000000    0.000000    0.000000    0.000000    0.000000    0.000000    0.000000    0.000000    0.000000    0.000000    0.000000    0.000000    0.000000    0.000000    0.000000    0.000000    0.000000    0.000000    0.000000    0.014000    0.395000    0.965000    1.000000    1.000000    1.000000    1.000000    1.000000    1.000000    1.000000    1.000000    1.000000    1.000000    1.000000    1.000000    1.000000    1.000000    1.000000    1.000000    1.000000    1.000000    1.000000    1.000000
    0.000000    0.000000    0.000000    0.000000    0.000000    0.000000    0.000000    0.000000    0.000000    0.000000    0.000000    0.000000    0.000000    0.000000    0.000000    0.000000    0.000000    0.000000    0.000000    0.076000    0.711000    0.996000    1.000000    1.000000    1.000000    1.000000    1.000000    1.000000    1.000000    1.000000    1.000000    1.000000    1.000000    1.000000    1.000000    1.000000    1.000000    1.000000    1.000000    1.000000    1.000000    1.000000
    0.000000    0.000000    0.000000    0.000000    0.000000    0.000000    0.000000    0.000000    0.000000    0.000000    0.000000    0.000000    0.000000    0.000000    0.000000    0.000000    0.000000    0.000000    0.000000    0.033000    0.585000    0.996000    1.000000    1.000000    1.000000    1.000000    1.000000    1.000000    1.000000    1.000000    1.000000    1.000000    1.000000    1.000000    1.000000    1.000000    1.000000    1.000000    1.000000    1.000000    1.000000    1.000000
    0.000000    0.000000    0.000000    0.000000    0.000000    0.000000    0.000000    0.000000    0.000000    0.000000    0.000000    0.000000    0.000000    0.000000    0.000000    0.000000    0.000000    0.000000    0.000000    0.007000    0.347000    0.970000    1.000000    1.000000    1.000000    1.000000    1.000000    1.000000    1.000000    1.000000    1.000000    1.000000    1.000000    1.000000    1.000000    1.000000    1.000000    1.000000    1.000000    1.000000    1.000000    1.000000
    0.000000    0.000000    0.000000    0.000000    0.000000    0.000000    0.000000    0.000000    0.000000    0.000000    0.000000    0.000000    0.000000    0.000000    0.000000    0.000000    0.000000    0.001000    0.061000    0.626000    0.994000    1.000000    1.000000    1.000000    1.000000    1.000000    1.000000    1.000000    1.000000    1.000000    1.000000    1.000000    1.000000    1.000000    1.000000    1.000000    1.000000    1.000000    1.000000    1.000000    1.000000    1.000000
    0.000000    0.000000    0.000000    0.000000    0.000000    0.000000    0.000000    0.000000    0.000000    0.000000    0.000000    0.000000    0.000000    0.000000    0.000000    0.000000    0.000000    0.000000    0.000000    0.000000    0.000000    0.060000    0.818000    1.000000    1.000000    1.000000    1.000000    1.000000    1.000000    1.000000    1.000000    1.000000    1.000000    1.000000    1.000000    1.000000    1.000000    1.000000    1.000000    1.000000    1.000000    1.000000
    0.000000    0.000000    0.000000    0.000000    0.000000    0.000000    0.000000    0.000000    0.000000    0.000000    0.000000    0.000000    0.000000    0.000000    0.000000    0.000000    0.000000    0.000000    0.008000    0.226000    0.910000    1.000000    1.000000    1.000000    1.000000    1.000000    1.000000    1.000000    1.000000    1.000000    1.000000    1.000000    1.000000    1.000000    1.000000    1.000000    1.000000    1.000000    1.000000    1.000000    1.000000    1.000000
    0.000000    0.000000    0.000000    0.000000    0.000000    0.000000    0.000000    0.000000    0.000000    0.000000    0.000000    0.000000    0.000000    0.000000    0.000000    0.000000    0.000000    0.000000    0.000000    0.017000    0.386000    0.978000    1.000000    1.000000    1.000000    1.000000    1.000000    1.000000    1.000000    1.000000    1.000000    1.000000    1.000000    1.000000    1.000000    1.000000    1.000000    1.000000    1.000000    1.000000    1.000000    1.000000
    0.000000    0.000000    0.000000    0.000000    0.000000    0.000000    0.000000    0.000000    0.000000    0.000000    0.000000    0.000000    0.000000    0.000000    0.000000    0.000000    0.000000    0.000000    0.000000    0.018000    0.356000    0.971000    1.000000    1.000000    1.000000    1.000000    1.000000    1.000000    1.000000    1.000000    1.000000    1.000000    1.000000    1.000000    1.000000    1.000000    1.000000    1.000000    1.000000    1.000000    1.000000    1.000000
    0.000000    0.000000    0.000000    0.000000    0.000000    0.000000    0.000000    0.000000    0.000000    0.000000    0.000000    0.000000    0.000000    0.000000    0.000000    0.000000    0.000000    0.000000    0.000000    0.000000    0.007000    0.450000    0.982000    1.000000    1.000000    1.000000    1.000000    1.000000    1.000000    1.000000    1.000000    1.000000    1.000000    1.000000    1.000000    1.000000    1.000000    1.000000    1.000000    1.000000    1.000000    1.000000
    0.000000    0.000000    0.000000    0.000000    0.000000    0.000000    0.000000    0.000000    0.000000    0.000000    0.000000    0.000000    0.000000    0.000000    0.000000    0.000000    0.000000    0.000000    0.143000    0.793000    0.995000    1.000000    1.000000    1.000000    1.000000    1.000000    1.000000    1.000000    1.000000    1.000000    1.000000    1.000000    1.000000    1.000000    1.000000    1.000000    1.000000    1.000000    1.000000    1.000000    1.000000    1.000000
    0.000000    0.000000    0.000000    0.000000    0.000000    0.000000    0.000000    0.000000    0.000000    0.000000    0.000000    0.000000    0.000000    0.000000    0.000000    0.000000    0.000000    0.000000    0.000000    0.000000    0.000000    0.125000    0.871000    0.999000    1.000000    1.000000    1.000000    1.000000    1.000000    1.000000    1.000000    1.000000    1.000000    1.000000    1.000000    1.000000    1.000000    1.000000    1.000000    1.000000    1.000000    1.000000
    0.000000    0.000000    0.000000    0.000000    0.000000    0.000000    0.000000    0.000000    0.000000    0.000000    0.000000    0.000000    0.000000    0.000000    0.000000    0.000000    0.000000    0.000000    0.000000    0.005000    0.296000    0.947000    1.000000    1.000000    1.000000    1.000000    1.000000    1.000000    1.000000    1.000000    1.000000    1.000000    1.000000    1.000000    1.000000    1.000000    1.000000    1.000000    1.000000    1.000000    1.000000    1.000000
    0.000000    0.000000    0.000000    0.000000    0.000000    0.000000    0.000000    0.000000    0.000000    0.000000    0.000000    0.000000    0.000000    0.000000    0.000000    0.000000    0.000000    0.000000    0.071000    0.677000    0.992000    1.000000    1.000000    1.000000    1.000000    1.000000    1.000000    1.000000    1.000000    1.000000    1.000000    1.000000    1.000000    1.000000    1.000000    1.000000    1.000000    1.000000    1.000000    1.000000    1.000000    1.000000
    0.000000    0.000000    0.000000    0.000000    0.000000    0.000000    0.000000    0.000000    0.000000    0.000000    0.000000    0.000000    0.000000    0.000000    0.000000    0.000000    0.000000    0.071000    0.733000    0.994000    1.000000    1.000000    1.000000    1.000000    1.000000    1.000000    1.000000    1.000000    1.000000    1.000000    1.000000    1.000000    1.000000    1.000000    1.000000    1.000000    1.000000    1.000000    1.000000    1.000000    1.000000    1.000000
    0.000000    0.000000    0.000000    0.000000    0.000000    0.000000    0.000000    0.000000    0.000000    0.000000    0.000000    0.000000    0.000000    0.000000    0.000000    0.000000    0.000000    0.000000    0.000000    0.048000    0.630000    0.995000    1.000000    1.000000    1.000000    1.000000    1.000000    1.000000    1.000000    1.000000    1.000000    1.000000    1.000000    1.000000    1.000000    1.000000    1.000000    1.000000    1.000000    1.000000    1.000000    1.000000
    0.000000    0.000000    0.000000    0.000000    0.000000    0.000000    0.000000    0.000000    0.000000    0.000000    0.000000    0.000000    0.000000    0.000000    0.000000    0.000000    0.000000    0.000000    0.000000    0.000000    0.093000    0.800000    1.000000    1.000000    1.000000    1.000000    1.000000    1.000000    1.000000    1.000000    1.000000    1.000000    1.000000    1.000000    1.000000    1.000000    1.000000    1.000000    1.000000    1.000000    1.000000    1.000000
    0.000000    0.000000    0.000000    0.000000    0.000000    0.000000    0.000000    0.000000    0.000000    0.000000    0.000000    0.000000    0.000000    0.000000    0.000000    0.000000    0.000000    0.001000    0.077000    0.659000    0.996000    1.000000    1.000000    1.000000    1.000000    1.000000    1.000000    1.000000    1.000000    1.000000    1.000000    1.000000    1.000000    1.000000    1.000000    1.000000    1.000000    1.000000    1.000000    1.000000    1.000000    1.000000
    0.000000    0.000000    0.000000    0.000000    0.000000    0.000000    0.000000    0.000000    0.000000    0.000000    0.000000    0.000000    0.000000    0.000000    0.000000    0.000000    0.000000    0.000000    0.000000    0.077000    0.675000    0.996000    1.000000    1.000000    1.000000    1.000000    1.000000    1.000000    1.000000    1.000000    1.000000    1.000000    1.000000    1.000000    1.000000    1.000000    1.000000    1.000000    1.000000    1.000000    1.000000    1.000000
    0.000000    0.000000    0.000000    0.000000    0.000000    0.000000    0.000000    0.000000    0.000000    0.000000    0.000000    0.000000    0.000000    0.000000    0.000000    0.000000    0.000000    0.000000    0.000000    0.004000    0.175000    0.920000    1.000000    1.000000    1.000000    1.000000    1.000000    1.000000    1.000000    1.000000    1.000000    1.000000    1.000000    1.000000    1.000000    1.000000    1.000000    1.000000    1.000000    1.000000    1.000000    1.000000
    0.000000    0.000000    0.000000    0.000000    0.000000    0.000000    0.000000    0.000000    0.000000    0.000000    0.000000    0.000000    0.000000    0.000000    0.000000    0.000000    0.000000    0.000000    0.001000    0.093000    0.766000    0.997000    1.000000    1.000000    1.000000    1.000000    1.000000    1.000000    1.000000    1.000000    1.000000    1.000000    1.000000    1.000000    1.000000    1.000000    1.000000    1.000000    1.000000    1.000000    1.000000    1.000000
    0.000000    0.000000    0.000000    0.000000    0.000000    0.000000    0.000000    0.000000    0.000000    0.000000    0.000000    0.000000    0.000000    0.000000    0.000000    0.000000    0.000000    0.001000    0.069000    0.642000    0.991000    1.000000    1.000000    1.000000    1.000000    1.000000    1.000000    1.000000    1.000000    1.000000    1.000000    1.000000    1.000000    1.000000    1.000000    1.000000    1.000000    1.000000    1.000000    1.000000    1.000000    1.000000
    0.000000    0.000000    0.000000    0.000000    0.000000    0.000000    0.000000    0.000000    0.000000    0.000000    0.000000    0.000000    0.000000    0.000000    0.000000    0.000000    0.000000    0.008000    0.376000    0.927000    0.999000    1.000000    1.000000    1.000000    1.000000    1.000000    1.000000    1.000000    1.000000    1.000000    1.000000    1.000000    1.000000    1.000000    1.000000    1.000000    1.000000    1.000000    1.000000    1.000000    1.000000    1.000000
    0.000000    0.000000    0.000000    0.000000    0.000000    0.000000    0.000000    0.000000    0.000000    0.000000    0.000000    0.000000    0.000000    0.000000    0.000000    0.000000    0.000000    0.000000    0.000000    0.000000    0.019000    0.553000    0.994000    1.000000    1.000000    1.000000    1.000000    1.000000    1.000000    1.000000    1.000000    1.000000    1.000000    1.000000    1.000000    1.000000    1.000000    1.000000    1.000000    1.000000    1.000000    1.000000
    0.000000    0.000000    0.000000    0.000000    0.000000    0.000000    0.000000    0.000000    0.000000    0.000000    0.000000    0.000000    0.000000    0.000000    0.000000    0.000000    0.000000    0.000000    0.000000    0.024000    0.511000    0.983000    1.000000    1.000000    1.000000    1.000000    1.000000    1.000000    1.000000    1.000000    1.000000    1.000000    1.000000    1.000000    1.000000    1.000000    1.000000    1.000000    1.000000    1.000000    1.000000    1.000000
    0.000000    0.000000    0.000000    0.000000    0.000000    0.000000    0.000000    0.000000    0.000000    0.000000    0.000000    0.000000    0.000000    0.000000    0.000000    0.000000    0.000000    0.000000    0.000000    0.000000    0.007000    0.422000    0.983000    1.000000    1.000000    1.000000    1.000000    1.000000    1.000000    1.000000    1.000000    1.000000    1.000000    1.000000    1.000000    1.000000    1.000000    1.000000    1.000000    1.000000    1.000000    1.000000
    0.000000    0.000000    0.000000    0.000000    0.000000    0.000000    0.000000    0.000000    0.000000    0.000000    0.000000    0.000000    0.000000    0.000000    0.000000    0.000000    0.000000    0.000000    0.000000    0.070000    0.699000    0.998000    1.000000    1.000000    1.000000    1.000000    1.000000    1.000000    1.000000    1.000000    1.000000    1.000000    1.000000    1.000000    1.000000    1.000000    1.000000    1.000000    1.000000    1.000000    1.000000    1.000000
    0.000000    0.000000    0.000000    0.000000    0.000000    0.000000    0.000000    0.000000    0.000000    0.000000    0.000000    0.000000    0.000000    0.000000    0.000000    0.000000    0.000000    0.000000    0.000000    0.000000    0.009000    0.516000    0.985000    1.000000    1.000000    1.000000    1.000000    1.000000    1.000000    1.000000    1.000000    1.000000    1.000000    1.000000    1.000000    1.000000    1.000000    1.000000    1.000000    1.000000    1.000000    1.000000
    0.000000    0.000000    0.000000    0.000000    0.000000    0.000000    0.000000    0.000000    0.000000    0.000000    0.000000    0.000000    0.000000    0.000000    0.000000    0.000000    0.000000    0.000000    0.095000    0.665000    0.997000    1.000000    1.000000    1.000000    1.000000    1.000000    1.000000    1.000000    1.000000    1.000000    1.000000    1.000000    1.000000    1.000000    1.000000    1.000000    1.000000    1.000000    1.000000    1.000000    1.000000    1.000000
    0.000000    0.000000    0.000000    0.000000    0.000000    0.000000    0.000000    0.000000    0.000000    0.000000    0.000000    0.000000    0.000000    0.000000    0.000000    0.000000    0.000000    0.000000    0.000000    0.003000    0.130000    0.878000    1.000000    1.000000    1.000000    1.000000    1.000000    1.000000    1.000000    1.000000    1.000000    1.000000    1.000000    1.000000    1.000000    1.000000    1.000000    1.000000    1.000000    1.000000    1.000000    1.000000
    0.000000    0.000000    0.000000    0.000000    0.000000    0.000000    0.000000    0.000000    0.000000    0.000000    0.000000    0.000000    0.000000    0.000000    0.000000    0.000000    0.000000    0.000000    0.000000    0.000000    0.036000    0.609000    0.998000    1.000000    1.000000    1.000000    1.000000    1.000000    1.000000    1.000000    1.000000    1.000000    1.000000    1.000000    1.000000    1.000000    1.000000    1.000000    1.000000    1.000000    1.000000    1.000000
    0.000000    0.000000    0.000000    0.000000    0.000000    0.000000    0.000000    0.000000    0.000000    0.000000    0.000000    0.000000    0.000000    0.000000    0.000000    0.000000    0.000000    0.000000    0.000000    0.117000    0.761000    0.991000    1.000000    1.000000    1.000000    1.000000    1.000000    1.000000    1.000000    1.000000    1.000000    1.000000    1.000000    1.000000    1.000000    1.000000    1.000000    1.000000    1.000000    1.000000    1.000000    1.000000
    0.000000    0.000000    0.000000    0.000000    0.000000    0.000000    0.000000    0.000000    0.000000    0.000000    0.000000    0.000000    0.000000    0.000000    0.000000    0.000000    0.000000    0.000000    0.000000    0.000000    0.000000    0.067000    0.775000    0.999000    1.000000    1.000000    1.000000    1.000000    1.000000    1.000000    1.000000    1.000000    1.000000    1.000000    1.000000    1.000000    1.000000    1.000000    1.000000    1.000000    1.000000    1.000000
    0.000000    0.000000    0.000000    0.000000    0.000000    0.000000    0.000000    0.000000    0.000000    0.000000    0.000000    0.000000    0.000000    0.000000    0.000000    0.000000    0.000000    0.000000    0.001000    0.133000    0.801000    0.998000    1.000000    1.000000    1.000000    1.000000    1.000000    1.000000    1.000000    1.000000    1.000000    1.000000    1.000000    1.000000    1.000000    1.000000    1.000000    1.000000    1.000000    1.000000    1.000000    1.000000
    0.000000    0.000000    0.000000    0.000000    0.000000    0.000000    0.000000    0.000000    0.000000    0.000000    0.000000    0.000000    0.000000    0.000000    0.000000    0.000000    0.000000    0.000000    0.000000    0.000000    0.057000    0.748000    0.996000    1.000000    1.000000    1.000000    1.000000    1.000000    1.000000    1.000000    1.000000    1.000000    1.000000    1.000000    1.000000    1.000000    1.000000    1.000000    1.000000    1.000000    1.000000    1.000000
    0.000000    0.000000    0.000000    0.000000    0.000000    0.000000    0.000000    0.000000    0.000000    0.000000    0.000000    0.000000    0.000000    0.000000    0.000000    0.000000    0.000000    0.000000    0.000000    0.000000    0.000000    0.158000    0.907000    1.000000    1.000000    1.000000    1.000000    1.000000    1.000000    1.000000    1.000000    1.000000    1.000000    1.000000    1.000000    1.000000    1.000000    1.000000    1.000000    1.000000    1.000000    1.000000
    0.000000    0.000000    0.000000    0.000000    0.000000    0.000000    0.000000    0.000000    0.000000    0.000000    0.000000    0.000000    0.000000    0.000000    0.000000    0.000000    0.000000    0.000000    0.000000    0.000000    0.055000    0.747000    0.998000    1.000000    1.000000    1.000000    1.000000    1.000000    1.000000    1.000000    1.000000    1.000000    1.000000    1.000000    1.000000    1.000000    1.000000    1.000000    1.000000    1.000000    1.000000    1.000000
    0.000000    0.000000    0.000000    0.000000    0.000000    0.000000    0.000000    0.000000    0.000000    0.000000    0.000000    0.000000    0.000000    0.000000    0.000000    0.000000    0.000000    0.000000    0.003000    0.195000    0.900000    1.000000    1.000000    1.000000    1.000000    1.000000    1.000000    1.000000    1.000000    1.000000    1.000000    1.000000    1.000000    1.000000    1.000000    1.000000    1.000000    1.000000    1.000000    1.000000    1.000000    1.000000
    0.000000    0.000000    0.000000    0.000000    0.000000    0.000000    0.000000    0.000000    0.000000    0.000000    0.000000    0.000000    0.000000    0.000000    0.000000    0.000000    0.000000    0.000000    0.002000    0.147000    0.836000    1.000000    1.000000    1.000000    1.000000    1.000000    1.000000    1.000000    1.000000    1.000000    1.000000    1.000000    1.000000    1.000000    1.000000    1.000000    1.000000    1.000000    1.000000    1.000000    1.000000    1.000000
    0.000000    0.000000    0.000000    0.000000    0.000000    0.000000    0.000000    0.000000    0.000000    0.000000    0.000000    0.000000    0.000000    0.000000    0.000000    0.000000    0.000000    0.000000    0.000000    0.055000    0.608000    0.988000    1.000000    1.000000    1.000000    1.000000    1.000000    1.000000    1.000000    1.000000    1.000000    1.000000    1.000000    1.000000    1.000000    1.000000    1.000000    1.000000    1.000000    1.000000    1.000000    1.000000
    0.000000    0.000000    0.000000    0.000000    0.000000    0.000000    0.000000    0.000000    0.000000    0.000000    0.000000    0.000000    0.000000    0.000000    0.000000    0.000000    0.000000    0.000000    0.000000    0.002000    0.106000    0.826000    0.999000    1.000000    1.000000    1.000000    1.000000    1.000000    1.000000    1.000000    1.000000    1.000000    1.000000    1.000000    1.000000    1.000000    1.000000    1.000000    1.000000    1.000000    1.000000    1.000000
    0.000000    0.000000    0.000000    0.000000    0.000000    0.000000    0.000000    0.000000    0.000000    0.000000    0.000000    0.000000    0.000000    0.000000    0.000000    0.000000    0.000000    0.000000    0.000000    0.000000    0.003000    0.364000    0.961000    1.000000    1.000000    1.000000    1.000000    1.000000    1.000000    1.000000    1.000000    1.000000    1.000000    1.000000    1.000000    1.000000    1.000000    1.000000    1.000000    1.000000    1.000000    1.000000
    0.000000    0.000000    0.000000    0.000000    0.000000    0.000000    0.000000    0.000000    0.000000    0.000000    0.000000    0.000000    0.000000    0.000000    0.000000    0.000000    0.000000    0.000000    0.000000    0.016000    0.405000    0.977000    1.000000    1.000000    1.000000    1.000000    1.000000    1.000000    1.000000    1.000000    1.000000    1.000000    1.000000    1.000000    1.000000    1.000000    1.000000    1.000000    1.000000    1.000000    1.000000    1.000000
    0.000000    0.000000    0.000000    0.000000    0.000000    0.000000    0.000000    0.000000    0.000000    0.000000    0.000000    0.000000    0.000000    0.000000    0.000000    0.000000    0.000000    0.013000    0.374000    0.919000    1.000000    1.000000    1.000000    1.000000    1.000000    1.000000    1.000000    1.000000    1.000000    1.000000    1.000000    1.000000    1.000000    1.000000    1.000000    1.000000    1.000000    1.000000    1.000000    1.000000    1.000000    1.000000
    0.000000    0.000000    0.000000    0.000000    0.000000    0.000000    0.000000    0.000000    0.000000    0.000000    0.000000    0.000000    0.000000    0.000000    0.000000    0.000000    0.000000    0.000000    0.000000    0.000000    0.001000    0.190000    0.918000    1.000000    1.000000    1.000000    1.000000    1.000000    1.000000    1.000000    1.000000    1.000000    1.000000    1.000000    1.000000    1.000000    1.000000    1.000000    1.000000    1.000000    1.000000    1.000000
    0.000000    0.000000    0.000000    0.000000    0.000000    0.000000    0.000000    0.000000    0.000000    0.000000    0.000000    0.000000    0.000000    0.000000    0.000000    0.000000    0.000000    0.001000    0.120000    0.776000    0.995000    1.000000    1.000000    1.000000    1.000000    1.000000    1.000000    1.000000    1.000000    1.000000    1.000000    1.000000    1.000000    1.000000    1.000000    1.000000    1.000000    1.000000    1.000000    1.000000    1.000000    1.000000
    0.000000    0.000000    0.000000    0.000000    0.000000    0.000000    0.000000    0.000000    0.000000    0.000000    0.000000    0.000000    0.000000    0.000000    0.000000    0.000000    0.000000    0.000000    0.045000    0.574000    0.975000    1.000000    1.000000    1.000000    1.000000    1.000000    1.000000    1.000000    1.000000    1.000000    1.000000    1.000000    1.000000    1.000000    1.000000    1.000000    1.000000    1.000000    1.000000    1.000000    1.000000    1.000000
    0.000000    0.000000    0.000000    0.000000    0.000000    0.000000    0.000000    0.000000    0.000000    0.000000    0.000000    0.000000    0.000000    0.000000    0.000000    0.000000    0.000000    0.000000    0.000000    0.039000    0.561000    0.989000    1.000000    1.000000    1.000000    1.000000    1.000000    1.000000    1.000000    1.000000    1.000000    1.000000    1.000000    1.000000    1.000000    1.000000    1.000000    1.000000    1.000000    1.000000    1.000000    1.000000
    0.000000    0.000000    0.000000    0.000000    0.000000    0.000000    0.000000    0.000000    0.000000    0.000000    0.000000    0.000000    0.000000    0.000000    0.000000    0.000000    0.000000    0.000000    0.037000    0.479000    0.972000    1.000000    1.000000    1.000000    1.000000    1.000000    1.000000    1.000000    1.000000    1.000000    1.000000    1.000000    1.000000    1.000000    1.000000    1.000000    1.000000    1.000000    1.000000    1.000000    1.000000    1.000000
    0.000000    0.000000    0.000000    0.000000    0.000000    0.000000    0.000000    0.000000    0.000000    0.000000    0.000000    0.000000    0.000000    0.000000    0.000000    0.000000    0.000000    0.000000    0.000000    0.000000    0.020000    0.569000    0.994000    1.000000    1.000000    1.000000    1.000000    1.000000    1.000000    1.000000    1.000000    1.000000    1.000000    1.000000    1.000000    1.000000    1.000000    1.000000    1.000000    1.000000    1.000000    1.000000
    0.000000    0.000000    0.000000    0.000000    0.000000    0.000000    0.000000    0.000000    0.000000    0.000000    0.000000    0.000000    0.000000    0.000000    0.000000    0.000000    0.000000    0.005000    0.337000    0.912000    1.000000    1.000000    1.000000    1.000000    1.000000    1.000000    1.000000    1.000000    1.000000    1.000000    1.000000    1.000000    1.000000    1.000000    1.000000    1.000000    1.000000    1.000000    1.000000    1.000000    1.000000    1.000000
    0.000000    0.000000    0.000000    0.000000    0.000000    0.000000    0.000000    0.000000    0.000000    0.000000    0.000000    0.000000    0.000000    0.000000    0.000000    0.000000    0.000000    0.000000    0.008000    0.219000    0.874000    1.000000    1.000000    1.000000    1.000000    1.000000    1.000000    1.000000    1.000000    1.000000    1.000000    1.000000    1.000000    1.000000    1.000000    1.000000    1.000000    1.000000    1.000000    1.000000    1.000000    1.000000
    0.000000    0.000000    0.000000    0.000000    0.000000    0.000000    0.000000    0.000000    0.000000    0.000000    0.000000    0.000000    0.000000    0.000000    0.000000    0.000000    0.000000    0.000000    0.000000    0.004000    0.183000    0.888000    0.999000    1.000000    1.000000    1.000000    1.000000    1.000000    1.000000    1.000000    1.000000    1.000000    1.000000    1.000000    1.000000    1.000000    1.000000    1.000000    1.000000    1.000000    1.000000    1.000000
    0.000000    0.000000    0.000000    0.000000    0.000000    0.000000    0.000000    0.000000    0.000000    0.000000    0.000000    0.000000    0.000000    0.000000    0.000000    0.000000    0.000000    0.000000    0.000000    0.000000    0.024000    0.544000    0.991000    1.000000    1.000000    1.000000    1.000000    1.000000    1.000000    1.000000    1.000000    1.000000    1.000000    1.000000    1.000000    1.000000    1.000000    1.000000    1.000000    1.000000    1.000000    1.000000
    0.000000    0.000000    0.000000    0.000000    0.000000    0.000000    0.000000    0.000000    0.000000    0.000000    0.000000    0.000000    0.000000    0.000000    0.000000    0.000000    0.000000    0.000000    0.000000    0.002000    0.119000    0.873000    0.999000    1.000000    1.000000    1.000000    1.000000    1.000000    1.000000    1.000000    1.000000    1.000000    1.000000    1.000000    1.000000    1.000000    1.000000    1.000000    1.000000    1.000000    1.000000    1.000000
    0.000000    0.000000    0.000000    0.000000    0.000000    0.000000    0.000000    0.000000    0.000000    0.000000    0.000000    0.000000    0.000000    0.000000    0.000000    0.000000    0.000000    0.000000    0.011000    0.293000    0.906000    1.000000    1.000000    1.000000    1.000000    1.000000    1.000000    1.000000    1.000000    1.000000    1.000000    1.000000    1.000000    1.000000    1.000000    1.000000    1.000000    1.000000    1.000000    1.000000    1.000000    1.000000
    0.000000    0.000000    0.000000    0.000000    0.000000    0.000000    0.000000    0.000000    0.000000    0.000000    0.000000    0.000000    0.000000    0.000000    0.000000    0.000000    0.000000    0.000000    0.000000    0.073000    0.639000    0.991000    1.000000    1.000000    1.000000    1.000000    1.000000    1.000000    1.000000    1.000000    1.000000    1.000000    1.000000    1.000000    1.000000    1.000000    1.000000    1.000000    1.000000    1.000000    1.000000    1.000000
    0.000000    0.000000    0.000000    0.000000    0.000000    0.000000    0.000000    0.000000    0.000000    0.000000    0.000000    0.000000    0.000000    0.000000    0.000000    0.000000    0.000000    0.000000    0.009000    0.331000    0.935000    1.000000    1.000000    1.000000    1.000000    1.000000    1.000000    1.000000    1.000000    1.000000    1.000000    1.000000    1.000000    1.000000    1.000000    1.000000    1.000000    1.000000    1.000000    1.000000    1.000000    1.000000
    0.000000    0.000000    0.000000    0.000000    0.000000    0.000000    0.000000    0.000000    0.000000    0.000000    0.000000    0.000000    0.000000    0.000000    0.000000    0.000000    0.000000    0.000000    0.054000    0.560000    0.976000    1.000000    1.000000    1.000000    1.000000    1.000000    1.000000    1.000000    1.000000    1.000000    1.000000    1.000000    1.000000    1.000000    1.000000    1.000000    1.000000    1.000000    1.000000    1.000000    1.000000    1.000000
    0.000000    0.000000    0.000000    0.000000    0.000000    0.000000    0.000000    0.000000    0.000000    0.000000    0.000000    0.000000    0.000000    0.000000    0.000000    0.000000    0.000000    0.000000    0.123000    0.726000    0.995000    1.000000    1.000000    1.000000    1.000000    1.000000    1.000000    1.000000    1.000000    1.000000    1.000000    1.000000    1.000000    1.000000    1.000000    1.000000    1.000000    1.000000    1.000000    1.000000    1.000000    1.000000
    0.000000    0.000000    0.000000    0.000000    0.000000    0.000000    0.000000    0.000000    0.000000    0.000000    0.000000    0.000000    0.000000    0.000000    0.000000    0.000000    0.000000    0.009000    0.421000    0.935000    1.000000    1.000000    1.000000    1.000000    1.000000    1.000000    1.000000    1.000000    1.000000    1.000000    1.000000    1.000000    1.000000    1.000000    1.000000    1.000000    1.000000    1.000000    1.000000    1.000000    1.000000    1.000000
    0.000000    0.000000    0.000000    0.000000    0.000000    0.000000    0.000000    0.000000    0.000000    0.000000    0.000000    0.000000    0.000000    0.000000    0.000000    0.000000    0.000000    0.000000    0.000000    0.000000    0.016000    0.471000    0.985000    1.000000    1.000000    1.000000    1.000000    1.000000    1.000000    1.000000    1.000000    1.000000    1.000000    1.000000    1.000000    1.000000    1.000000    1.000000    1.000000    1.000000    1.000000    1.000000
    0.000000    0.000000    0.000000    0.000000    0.000000    0.000000    0.000000    0.000000    0.000000    0.000000    0.000000    0.000000    0.000000    0.000000    0.000000    0.000000    0.000000    0.000000    0.102000    0.661000    0.993000    1.000000    1.000000    1.000000    1.000000    1.000000    1.000000    1.000000    1.000000    1.000000    1.000000    1.000000    1.000000    1.000000    1.000000    1.000000    1.000000    1.000000    1.000000    1.000000    1.000000    1.000000
    0.000000    0.000000    0.000000    0.000000    0.000000    0.000000    0.000000    0.000000    0.000000    0.000000    0.000000    0.000000    0.000000    0.000000    0.000000    0.000000    0.000000    0.000000    0.000000    0.004000    0.298000    0.951000    1.000000    1.000000    1.000000    1.000000    1.000000    1.000000    1.000000    1.000000    1.000000    1.000000    1.000000    1.000000    1.000000    1.000000    1.000000    1.000000    1.000000    1.000000    1.000000    1.000000
    0.000000    0.000000    0.000000    0.000000    0.000000    0.000000    0.000000    0.000000    0.000000    0.000000    0.000000    0.000000    0.000000    0.000000    0.000000    0.000000    0.000000    0.000000    0.000000    0.000000    0.002000    0.097000    0.798000    1.000000    1.000000    1.000000    1.000000    1.000000    1.000000    1.000000    1.000000    1.000000    1.000000    1.000000    1.000000    1.000000    1.000000    1.000000    1.000000    1.000000    1.000000    1.000000
