    0.000000    0.242190    0.484381    0.726571    0.968762    1.210952    1.453143    1.695333    1.937523    2.179714    2.421904    2.664095    2.906285    3.148476    3.390666    3.632857    3.875047    4.117237    4.359428    4.601618    4.843809    5.085999    5.328190    5.570380    5.812570    6.054761    6.296951    6.539142    6.781332    7.023523    7.265713    7.507903    7.750094    7.992284    8.234475    8.476665    8.718856    8.961046
    0.000000    0.000000    0.000000    0.000000    0.000000    0.000000    0.000000    0.000000    0.000000    0.000000    0.000000    0.000000    0.000000    0.000000    0.000000    0.000000    0.012000    0.197000    0.957000    1.000000    1.000000    1.000000    1.000000    1.000000    1.000000    1.000000    1.000000    1.000000    1.000000    1.000000    1.000000    1.000000    1.000000    1.000000    1.000000    1.000000    1.000000    1.000000
    0.000000    0.000000    0.000000    0.000000    0.000000    0.000000    0.000000    0.000000    0.000000    0.000000    0.000000    0.000000    0.000000    0.000000    0.000000    0.000000    0.000000    0.016000    0.602000    0.977000    1.000000    1.000000    1.000000    1.000000    1.000000    1.000000    1.000000    1.000000    1.000000    1.000000    1.000000    1.000000    1.000000    1.000000    1.000000    1.000000    1.000000    1.000000
    0.000000    0.000000    0.000000    0.000000    0.000000    0.000000    0.000000    0.000000    0.000000    0.000000    0.000000    0.002000    0.005000    0.017000    0.032000    0.054000    0.129000    0.546000    0.950000    0.981000    0.994000    0.998000    1.000000    1.000000    1.000000    1.000000    1.000000    1.000000    1.000000    1.000000    1.000000    1.000000    1.000000    1.000000    1.000000    1.000000    1.000000    1.000000
    0.000000    0.000000    0.000000    0.000000    0.000000    0.000000    0.000000    0.000000    0.000000    0.000000    0.000000    0.000000    0.000000    0.000000    0.000000    0.007000    0.045000    0.498000    0.987000    1.000000    1.000000    1.000000    1.000000    1.000000    1.000000    1.000000    1.000000    1.000000    1.000000    1.000000    1.000000    1.000000    1.000000    1.000000    1.000000    1.000000    1.000000    1.000000
    0.000000    0.000000    0.000000    0.000000    0.000000    0.000000    0.000000    0.000000    0.000000    0.000000    0.000000    0.000000    0.000000    0.000000    0.000000    0.000000    0.038000    0.676000    1.000000    1.000000    1.000000    1.000000    1.000000    1.000000    1.000000    1.000000    1.000000    1.000000    1.000000    1.000000    1.000000    1.000000    1.000000    1.000000    1.000000    1.000000    1.000000    1.000000
    0.000000    0.000000    0.000000    0.000000    0.000000    0.000000    0.000000    0.000000    0.000000    0.000000    0.000000    0.000000    0.000000    0.000000    0.000000    0.000000    0.000000    0.024000    0.808000    1.000000    1.000000    1.000000    1.000000    1.000000    1.000000    1.000000    1.000000    1.000000    1.000000    1.000000    1.000000    1.000000    1.000000    1.000000    1.000000    1.000000    1.000000    1.000000
    0.000000    0.000000    0.000000    0.000000    0.000000    0.000000    0.000000    0.000000    0.000000    0.000000    0.000000    0.000000    0.000000    0.000000    0.000000    0.000000    0.023000    0.429000    0.995000    1.000000    1.000000    1.000000    1.000000    1.000000    1.000000    1.000000    1.000000    1.000000    1.000000    1.000000    1.000000    1.000000    1.000000    1.000000    1.000000    1.000000    1.000000    1.000000
    0.000000    0.000000    0.000000    0.000000    0.000000    0.000000    0.000000    0.000000    0.000000    0.000000    0.000000    0.000000    0.000000    0.000000    0.000000    0.000000    0.001000    0.101000    0.915000    0.999000    1.000000    1.000000    1.000000    1.000000    1.000000    1.000000    1.000000    1.000000    1.000000    1.000000    1.000000    1.000000    1.000000    1.000000    1.000000    1.000000    1.000000    1.000000
    0.000000    0.000000    0.000000    0.000000    0.000000    0.000000    0.000000    0.000000    0.000000    0.000000    0.000000    0.000000    0.000000    0.000000    0.000000    0.003000    0.251000    0.947000    1.000000    1.000000    1.000000    1.000000    1.000000    1.000000    1.000000    1.000000    1.000000    1.000000    1.000000    1.000000    1.000000    1.000000    1.000000    1.000000    1.000000    1.000000    1.000000    1.000000
    0.000000    0.000000    0.000000    0.000000    0.000000    0.000000    0.000000    0.000000    0.000000    0.000000    0.000000    0.000000    0.000000    0.000000    0.000000    0.000000    0.082000    0.793000    1.000000    1.000000    1.000000    1.000000    1.000000    1.000000    1.000000    1.000000    1.000000    1.000000    1.000000    1.000000    1.000000    1.000000    1.000000    1.000000    1.000000    1.000000    1.000000    1.000000
    0.000000    0.000000    0.000000    0.000000    0.000000    0.000000    0.000000    0.000000    0.000000    0.000000    0.000000    0.000000    0.000000    0.000000    0.000000    0.003000    0.208000    0.862000    0.999000    1.000000    1.000000    1.000000    1.000000    1.000000    1.000000    1.000000    1.000000    1.000000    1.000000    1.000000    1.000000    1.000000    1.000000    1.000000    1.000000    1.000000    1.000000    1.000000
    0.000000    0.000000    0.000000    0.000000    0.000000    0.000000    0.000000    0.000000    0.000000    0.000000    0.000000    0.000000    0.000000    0.000000    0.000000    0.000000    0.007000    0.340000    0.983000    1.000000    1.000000    1.000000    1.000000    1.000000    1.000000    1.000000    1.000000    1.000000    1.000000    1.000000    1.000000    1.000000    1.000000    1.000000    1.000000    1.000000    1.000000    1.000000
    0.000000    0.000000    0.000000    0.000000    0.000000    0.000000    0.000000    0.000000    0.000000    0.000000    0.000000    0.000000    0.000000    0.000000    0.000000    0.000000    0.003000    0.423000    0.994000    1.000000    1.000000    1.000000    1.000000    1.000000    1.000000    1.000000    1.000000    1.000000    1.000000    1.000000    1.000000    1.000000    1.000000    1.000000    1.000000    1.000000    1.000000    1.000000
    0.000000    0.000000    0.000000    0.000000    0.000000    0.000000    0.000000    0.000000    0.000000    0.000000    0.000000    0.000000    0.000000    0.000000    0.000000    0.000000    0.000000    0.004000    0.720000    0.997000    1.000000    1.000000    1.000000    1.000000    1.000000    1.000000    1.000000    1.000000    1.000000    1.000000    1.000000    1.000000    1.000000    1.000000    1.000000    1.000000    1.000000    1.000000
    0.000000    0.000000    0.000000    0.000000    0.000000    0.000000    0.000000    0.000000    0.000000    0.000000    0.000000    0.000000    0.000000    0.000000    0.000000    0.002000    0.178000    0.884000    1.000000    1.000000    1.000000    1.000000    1.000000    1.000000    1.000000    1.000000    1.000000    1.000000    1.000000    1.000000    1.000000    1.000000    1.000000    1.000000    1.000000    1.000000    1.000000    1.000000
    0.000000    0.000000    0.000000    0.000000    0.000000    0.000000    0.000000    0.000000    0.000000    0.000000    0.000000    0.000000    0.000000    0.000000    0.000000    0.000000    0.000000    0.057000    0.881000    1.000000    1.000000    1.000000    1.000000    1.000000    1.000000    1.000000    1.000000    1.000000    1.000000    1.000000    1.000000    1.000000    1.000000    1.000000    1.000000    1.000000    1.000000    1.000000
    0.000000    0.000000    0.000000    0.000000    0.000000    0.000000    0.000000    0.000000    0.000000    0.000000    0.000000    0.000000    0.000000    0.000000    0.000000    0.000000    0.000000    0.001000    0.291000    0.938000    0.998000    1.000000    1.000000    1.000000    1.000000    1.000000    1.000000    1.000000    1.000000    1.000000    1.000000    1.000000    1.000000    1.000000    1.000000    1.000000    1.000000    1.000000
    0.000000    0.000000    0.000000    0.000000    0.000000    0.000000    0.000000    0.000000    0.000000    0.000000    0.000000    0.000000    0.000000    0.000000    0.000000    0.000000    0.000000    0.137000    0.964000    1.000000    1.000000    1.000000    1.000000    1.000000    1.000000    1.000000    1.000000    1.000000    1.000000    1.000000    1.000000    1.000000    1.000000    1.000000    1.000000    1.000000    1.000000    1.000000
    0.000000    0.000000    0.000000    0.000000    0.000000    0.000000    0.000000    0.000000    0.000000    0.000000    0.000000    0.000000    0.000000    0.000000    0.000000    0.001000    0.091000    0.779000    1.000000    1.000000    1.000000    1.000000    1.000000    1.000000    1.000000    1.000000    1.000000    1.000000    1.000000    1.000000    1.000000    1.000000    1.000000    1.000000    1.000000    1.000000    1.000000    1.000000
    0.000000    0.000000    0.000000    0.000000    0.000000    0.000000    0.000000    0.000000    0.000000    0.000000    0.000000    0.000000    0.000000    0.005000    0.208000    0.906000    1.000000    1.000000    1.000000    1.000000    1.000000    1.000000    1.000000    1.000000    1.000000    1.000000    1.000000    1.000000    1.000000    1.000000    1.000000    1.000000    1.000000    1.000000    1.000000    1.000000    1.000000    1.000000
    0.000000    0.000000    0.000000    0.000000    0.000000    0.000000    0.000000    0.000000    0.000000    0.000000    0.000000    0.000000    0.000000    0.000000    0.000000    0.000000    0.001000    0.021000    0.859000    1.000000    1.000000    1.000000    1.000000    1.000000    1.000000    1.000000    1.000000    1.000000    1.000000    1.000000    1.000000    1.000000    1.000000    1.000000    1.000000    1.000000    1.000000    1.000000
    0.000000    0.000000    0.000000    0.000000    0.000000    0.000000    0.000000    0.000000    0.000000    0.000000    0.000000    0.000000    0.000000    0.000000    0.000000    0.000000    0.000000    0.018000    0.774000    0.997000    1.000000    1.000000    1.000000    1.000000    1.000000    1.000000    1.000000    1.000000    1.000000    1.000000    1.000000    1.000000    1.000000    1.000000    1.000000    1.000000    1.000000    1.000000
    0.000000    0.000000    0.000000    0.000000    0.000000    0.000000    0.000000    0.000000    0.000000    0.000000    0.000000    0.000000    0.000000    0.000000    0.000000    0.000000    0.000000    0.000000    0.000000    0.130000    0.749000    0.991000    1.000000    1.000000    1.000000    1.000000    1.000000    1.000000    1.000000    1.000000    1.000000    1.000000    1.000000    1.000000    1.000000    1.000000    1.000000    1.000000
    0.000000    0.000000    0.000000    0.000000    0.000000    0.000000    0.000000    0.000000    0.000000    0.000000    0.000000    0.000000    0.000000    0.000000    0.000000    0.000000    0.000000    0.016000    0.720000    0.995000    1.000000    1.000000    1.000000    1.000000    1.000000    1.000000    1.000000    1.000000    1.000000    1.000000    1.000000    1.000000    1.000000    1.000000    1.000000    1.000000    1.000000    1.000000
    0.000000    0.000000    0.000000    0.000000    0.000000    0.000000    0.000000    0.000000    0.000000    0.000000    0.000000    0.000000    0.000000    0.000000    0.000000    0.000000    0.000000    0.000000    0.095000    0.774000    0.998000    1.000000    1.000000    1.000000    1.000000    1.000000    1.000000    1.000000    1.000000    1.000000    1.000000    1.000000    1.000000    1.000000    1.000000    1.000000    1.000000    1.000000
    0.000000    0.000000    0.000000    0.000000    0.000000    0.000000    0.000000    0.000000    0.000000    0.000000    0.000000    0.000000    0.000000    0.000000    0.000000    0.000000    0.000000    0.207000    0.979000    1.000000    1.000000    1.000000    1.000000    1.000000    1.000000    1.000000    1.000000    1.000000    1.000000    1.000000    1.000000    1.000000    1.000000    1.000000    1.000000    1.000000    1.000000    1.000000
    0.000000    0.000000    0.000000    0.000000    0.000000    0.000000    0.000000    0.000000    0.000000    0.000000    0.000000    0.000000    0.000000    0.000000    0.000000    0.000000    0.025000    0.512000    0.999000    1.000000    1.000000    1.000000    1.000000    1.000000    1.000000    1.000000    1.000000    1.000000    1.000000    1.000000    1.000000    1.000000    1.000000    1.000000    1.000000    1.000000    1.000000    1.000000
    0.000000    0.000000    0.000000    0.000000    0.000000    0.000000    0.000000    0.000000    0.000000    0.000000    0.000000    0.000000    0.000000    0.000000    0.000000    0.004000    0.218000    0.896000    1.000000    1.000000    1.000000    1.000000    1.000000    1.000000    1.000000    1.000000    1.000000    1.000000    1.000000    1.000000    1.000000    1.000000    1.000000    1.000000    1.000000    1.000000    1.000000    1.000000
    0.000000    0.000000    0.000000    0.000000    0.000000    0.000000    0.000000    0.000000    0.000000    0.000000    0.000000    0.000000    0.000000    0.000000    0.000000    0.000000    0.014000    0.485000    1.000000    1.000000    1.000000    1.000000    1.000000    1.000000    1.000000    1.000000    1.000000    1.000000    1.000000    1.000000    1.000000    1.000000    1.000000    1.000000    1.000000    1.000000    1.000000    1.000000
    0.000000    0.000000    0.000000    0.000000    0.000000    0.000000    0.000000    0.000000    0.000000    0.000000    0.000000    0.000000    0.000000    0.000000    0.000000    0.000000    0.000000    0.000000    0.013000    0.419000    0.959000    1.000000    1.000000    1.000000    1.000000    1.000000    1.000000    1.000000    1.000000    1.000000    1.000000    1.000000    1.000000    1.000000    1.000000    1.000000    1.000000    1.000000
    0.000000    0.000000    0.000000    0.000000    0.000000    0.000000    0.000000    0.000000    0.000000    0.000000    0.000000    0.000000    0.000000    0.000000    0.000000    0.000000    0.001000    0.115000    0.957000    0.999000    1.000000    1.000000    1.000000    1.000000    1.000000    1.000000    1.000000    1.000000    1.000000    1.000000    1.000000    1.000000    1.000000    1.000000    1.000000    1.000000    1.000000    1.000000
    0.000000    0.000000    0.000000    0.000000    0.000000    0.000000    0.000000    0.000000    0.000000    0.000000    0.000000    0.000000    0.000000    0.000000    0.000000    0.001000    0.058000    0.635000    0.999000    1.000000    1.000000    1.000000    1.000000    1.000000    1.000000    1.000000    1.000000    1.000000    1.000000    1.000000    1.000000    1.000000    1.000000    1.000000    1.000000    1.000000    1.000000    1.000000
    0.000000    0.000000    0.000000    0.000000    0.000000    0.000000    0.000000    0.000000    0.000000    0.000000    0.000000    0.000000    0.000000    0.000000    0.000000    0.003000    0.151000    0.868000    1.000000    1.000000    1.000000    1.000000    1.000000    1.000000    1.000000    1.000000    1.000000    1.000000    1.000000    1.000000    1.000000    1.000000    1.000000    1.000000    1.000000    1.000000    1.000000    1.000000
    0.000000    0.000000    0.000000    0.000000    0.000000    0.000000    0.000000    0.000000    0.000000    0.000000    0.000000    0.000000    0.000000    0.000000    0.000000    0.000000    0.053000    0.676000    1.000000    1.000000    1.000000    1.000000    1.000000    1.000000    1.000000    1.000000    1.000000    1.000000    1.000000    1.000000    1.000000    1.000000    1.000000    1.000000    1.000000    1.000000    1.000000    1.000000
    0.000000    0.000000    0.000000    0.000000    0.000000    0.000000    0.000000    0.000000    0.000000    0.000000    0.000000    0.000000    0.000000    0.000000    0.000000    0.000000    0.003000    0.238000    0.991000    1.000000    1.000000    1.000000    1.000000    1.000000    1.000000    1.000000    1.000000    1.000000    1.000000    1.000000    1.000000    1.000000    1.000000    1.000000    1.000000    1.000000    1.000000    1.000000
    0.000000    0.000000    0.000000    0.000000    0.000000    0.000000    0.000000    0.000000    0.000000    0.000000    0.000000    0.000000    0.000000    0.000000    0.000000    0.000000    0.019000    0.437000    0.994000    1.000000    1.000000    1.000000    1.000000    1.000000    1.000000    1.000000    1.000000    1.000000    1.000000    1.000000    1.000000    1.000000    1.000000    1.000000    1.000000    1.000000    1.000000    1.000000
    0.000000    0.000000    0.000000    0.000000    0.000000    0.000000    0.000000    0.000000    0.000000    0.000000    0.000000    0.000000    0.000000    0.000000    0.000000    0.000000    0.000000    0.002000    0.505000    0.984000    1.000000    1.000000    1.000000    1.000000    1.000000    1.000000    1.000000    1.000000    1.000000    1.000000    1.000000    1.000000    1.000000    1.000000    1.000000    1.000000    1.000000    1.000000
    0.000000    0.000000    0.000000    0.000000    0.000000    0.000000    0.000000    0.000000    0.000000    0.000000    0.000000    0.000000    0.000000    0.000000    0.000000    0.000000    0.000000    0.088000    0.922000    0.997000    1.000000    1.000000    1.000000    1.000000    1.000000    1.000000    1.000000    1.000000    1.000000    1.000000    1.000000    1.000000    1.000000    1.000000    1.000000    1.000000    1.000000    1.000000
    0.000000    0.000000    0.000000    0.000000    0.000000    0.000000    0.000000    0.000000    0.000000    0.000000    0.000000    0.000000    0.000000    0.000000    0.000000    0.000000    0.019000    0.523000    1.000000    1.000000    1.000000    1.000000    1.000000    1.000000    1.000000    1.000000    1.000000    1.000000    1.000000    1.000000    1.000000    1.000000    1.000000    1.000000    1.000000    1.000000    1.000000    1.000000
    0.000000    0.000000    0.000000    0.000000    0.000000    0.000000    0.000000    0.000000    0.000000    0.000000    0.000000    0.000000    0.000000    0.000000    0.000000    0.000000    0.002000    0.179000    0.972000    1.000000    1.000000    1.000000    1.000000    1.000000    1.000000    1.000000    1.000000    1.000000    1.000000    1.000000    1.000000    1.000000    1.000000    1.000000    1.000000    1.000000    1.000000    1.000000
    0.000000    0.000000    0.000000    0.000000    0.000000    0.000000    0.000000    0.000000    0.000000    0.000000    0.000000    0.000000    0.000000    0.000000    0.000000    0.000000    0.002000    0.248000    0.988000    1.000000    1.000000    1.000000    1.000000    1.000000    1.000000    1.000000    1.000000    1.000000    1.000000    1.000000    1.000000    1.000000    1.000000    1.000000    1.000000    1.000000    1.000000    1.000000
    0.000000    0.000000    0.000000    0.000000    0.000000    0.000000    0.000000    0.000000    0.000000    0.000000    0.000000    0.000000    0.000000    0.000000    0.000000    0.000000    0.011000    0.465000    1.000000    1.000000    1.000000    1.000000    1.000000    1.000000    1.000000    1.000000    1.000000    1.000000    1.000000    1.000000    1.000000    1.000000    1.000000    1.000000    1.000000    1.000000    1.000000    1.000000
    0.000000    0.000000    0.000000    0.000000    0.000000    0.000000    0.000000    0.000000    0.000000    0.000000    0.000000    0.000000    0.000000    0.000000    0.000000    0.000000    0.000000    0.007000    0.619000    0.991000    1.000000    1.000000    1.000000    1.000000    1.000000    1.000000    1.000000    1.000000    1.000000    1.000000    1.000000    1.000000    1.000000    1.000000    1.000000    1.000000    1.000000    1.000000
    0.000000    0.000000    0.000000    0.000000    0.000000    0.000000    0.000000    0.000000    0.000000    0.000000    0.000000    0.000000    0.000000    0.000000    0.000000    0.000000    0.073000    0.735000    1.000000    1.000000    1.000000    1.000000    1.000000    1.000000    1.000000    1.000000    1.000000    1.000000    1.000000    1.000000    1.000000    1.000000    1.000000    1.000000    1.000000    1.000000    1.000000    1.000000
    0.000000    0.000000    0.000000    0.000000    0.000000    0.000000    0.000000    0.000000    0.000000    0.000000    0.000000    0.000000    0.000000    0.000000    0.000000    0.007000    0.426000    0.981000    1.000000    1.000000    1.000000    1.000000    1.000000    1.000000    1.000000    1.000000    1.000000    1.000000    1.000000    1.000000    1.000000    1.000000    1.000000    1.000000    1.000000    1.000000    1.000000    1.000000
    0.000000    0.000000    0.000000    0.000000    0.000000    0.000000    0.000000    0.000000    0.000000    0.000000    0.000000    0.000000    0.000000    0.000000    0.000000    0.000000    0.000000    0.001000    0.320000    0.941000    1.000000    1.000000    1.000000    1.000000    1.000000    1.000000    1.000000    1.000000    1.000000    1.000000    1.000000    1.000000    1.000000    1.000000    1.000000    1.000000    1.000000    1.000000
    0.000000    0.000000    0.000000    0.000000    0.000000    0.000000    0.000000    0.000000    0.000000    0.000000    0.000000    0.000000    0.000000    0.000000    0.001000    0.273000    0.918000    0.999000    1.000000    1.000000    1.000000    1.000000    1.000000    1.000000    1.000000    1.000000    1.000000    1.000000    1.000000    1.000000    1.000000    1.000000    1.000000    1.000000    1.000000    1.000000    1.000000    1.000000
    0.000000    0.000000    0.000000    0.000000    0.000000    0.000000    0.000000    0.000000    0.000000    0.000000    0.000000    0.000000    0.000000    0.000000    0.000000    0.000000    0.021000    0.529000    0.999000    1.000000    1.000000    1.000000    1.000000    1.000000    1.000000    1.000000    1.000000    1.000000    1.000000    1.000000    1.000000    1.000000    1.000000    1.000000    1.000000    1.000000    1.000000    1.000000
    0.000000    0.000000    0.000000    0.000000    0.000000    0.000000    0.000000    0.000000    0.000000    0.000000    0.000000    0.000000    0.000000    0.000000    0.000000    0.000000    0.005000    0.404000    0.998000    1.000000    1.000000    1.000000    1.000000    1.000000    1.000000    1.000000    1.000000    1.000000    1.000000    1.000000    1.000000    1.000000    1.000000    1.000000    1.000000    1.000000    1.000000    1.000000
    0.000000    0.000000    0.000000    0.000000    0.000000    0.000000    0.000000    0.000000    0.000000    0.000000    0.000000    0.000000    0.000000    0.000000    0.000000    0.000000    0.002000    0.174000    0.982000    1.000000    1.000000    1.000000    1.000000    1.000000    1.000000    1.000000    1.000000    1.000000    1.000000    1.000000    1.000000    1.000000    1.000000    1.000000    1.000000    1.000000    1.000000    1.000000
    0.000000    0.000000    0.000000    0.000000    0.000000    0.000000    0.000000    0.000000    0.000000    0.000000    0.000000    0.000000    0.000000    0.000000    0.000000    0.000000    0.000000    0.017000    0.767000    0.995000    1.000000    1.000000    1.000000    1.000000    1.000000    1.000000    1.000000    1.000000    1.000000    1.000000    1.000000    1.000000    1.000000    1.000000    1.000000    1.000000    1.000000    1.000000
    0.000000    0.000000    0.000000    0.000000    0.000000    0.000000    0.000000    0.000000    0.000000    0.000000    0.000000    0.000000    0.000000    0.000000    0.000000    0.000000    0.000000    0.014000    0.742000    0.998000    1.000000    1.000000    1.000000    1.000000    1.000000    1.000000    1.000000    1.000000    1.000000    1.000000    1.000000    1.000000    1.000000    1.000000    1.000000    1.000000    1.000000    1.000000
    0.000000    0.000000    0.000000    0.000000    0.000000    0.000000    0.000000    0.000000    0.000000    0.000000    0.000000    0.000000    0.000000    0.000000    0.000000    0.000000    0.020000    0.602000    1.000000    1.000000    1.000000    1.000000    1.000000    1.000000    1.000000    1.000000    1.000000    1.000000    1.000000    1.000000    1.000000    1.000000    1.000000    1.000000    1.000000    1.000000    1.000000    1.000000
    0.000000    0.000000    0.000000    0.000000    0.000000    0.000000    0.000000    0.000000    0.000000    0.000000    0.000000    0.000000    0.000000    0.000000    0.000000    0.000000    0.001000    0.072000    0.942000    1.000000    1.000000    1.000000    1.000000    1.000000    1.000000    1.000000    1.000000    1.000000    1.000000    1.000000    1.000000    1.000000    1.000000    1.000000    1.000000    1.000000    1.000000    1.000000
    0.000000    0.000000    0.000000    0.000000    0.000000    0.000000    0.000000    0.000000    0.000000    0.000000    0.000000    0.000000    0.000000    0.000000    0.000000    0.000000    0.000000    0.000000    0.056000    0.694000    0.992000    1.000000    1.000000    1.000000    1.000000    1.000000    1.000000    1.000000    1.000000    1.000000    1.000000    1.000000    1.000000    1.000000    1.000000    1.000000    1.000000    1.000000
    0.000000    0.000000    0.000000    0.000000    0.000000    0.000000    0.000000    0.000000    0.000000    0.000000    0.000000    0.000000    0.000000    0.000000    0.000000    0.000000    0.000000    0.054000    0.924000    1.000000    1.000000    1.000000    1.000000    1.000000    1.000000    1.000000    1.000000    1.000000    1.000000    1.000000    1.000000    1.000000    1.000000    1.000000    1.000000    1.000000    1.000000    1.000000
    0.000000    0.000000    0.000000    0.000000    0.000000    0.000000    0.000000    0.000000    0.000000    0.000000    0.000000    0.000000    0.000000    0.000000    0.000000    0.000000    0.000000    0.002000    0.614000    0.995000    1.000000    1.000000    1.000000    1.000000    1.000000    1.000000    1.000000    1.000000    1.000000    1.000000    1.000000    1.000000    1.000000    1.000000    1.000000    1.000000    1.000000    1.000000
    0.000000    0.000000    0.000000    0.000000    0.000000    0.000000    0.000000    0.000000    0.000000    0.000000    0.000000    0.000000    0.000000    0.000000    0.000000    0.000000    0.000000    0.071000    0.937000    1.000000    1.000000    1.000000    1.000000    1.000000    1.000000    1.000000    1.000000    1.000000    1.000000    1.000000    1.000000    1.000000    1.000000    1.000000    1.000000    1.000000    1.000000    1.000000
    0.000000    0.000000    0.000000    0.000000    0.000000    0.000000    0.000000    0.000000    0.000000    0.000000    0.000000    0.000000    0.000000    0.000000    0.000000    0.004000    0.171000    0.894000    1.000000    1.000000    1.000000    1.000000    1.000000    1.000000    1.000000    1.000000    1.000000    1.000000    1.000000    1.000000    1.000000    1.000000    1.000000    1.000000    1.000000    1.000000    1.000000    1.000000
    0.000000    0.000000    0.000000    0.000000    0.000000    0.000000    0.000000    0.000000    0.000000    0.000000    0.000000    0.000000    0.000000    0.000000    0.000000    0.000000    0.000000    0.015000    0.771000    0.997000    1.000000    1.000000    1.000000    1.000000    1.000000    1.000000    1.000000    1.000000    1.000000    1.000000    1.000000    1.000000    1.000000    1.000000    1.000000    1.000000    1.000000    1.000000
    0.000000    0.000000    0.000000    0.000000    0.000000    0.000000    0.000000    0.000000    0.000000    0.000000    0.000000    0.000000    0.000000    0.000000    0.000000    0.000000    0.002000    0.137000    0.981000    1.000000    1.000000    1.000000    1.000000    1.000000    1.000000    1.000000    1.000000    1.000000    1.000000    1.000000    1.000000    1.000000    1.000000    1.000000    1.000000    1.000000    1.000000    1.000000
    0.000000    0.000000    0.000000    0.000000    0.000000    0.000000    0.000000    0.000000    0.000000    0.000000    0.000000    0.000000    0.000000    0.000000    0.000000    0.000000    0.000000    0.033000    0.881000    1.000000    1.000000    1.000000    1.000000    1.000000    1.000000    1.000000    1.000000    1.000000    1.000000    1.000000    1.000000    1.000000    1.000000    1.000000    1.000000    1.000000    1.000000    1.000000
    0.000000    0.000000    0.000000    0.000000    0.000000    0.000000    0.000000    0.000000    0.000000    0.000000    0.000000    0.000000    0.000000    0.000000    0.000000    0.000000    0.000000    0.000000    0.332000    0.959000    1.000000    1.000000    1.000000    1.000000    1.000000    1.000000    1.000000    1.000000    1.000000    1.000000    1.000000    1.000000    1.000000    1.000000    1.000000    1.000000    1.000000    1.000000
    0.000000    0.000000    0.000000    0.000000    0.000000    0.000000    0.000000    0.000000    0.000000    0.000000    0.000000    0.000000    0.000000    0.000000    0.000000    0.000000    0.006000    0.311000    0.997000    1.000000    1.000000    1.000000    1.000000    1.000000    1.000000    1.000000    1.000000    1.000000    1.000000    1.000000    1.000000    1.000000    1.000000    1.000000    1.000000    1.000000    1.000000    1.000000
    0.000000    0.000000    0.000000    0.000000    0.000000    0.000000    0.000000    0.000000    0.000000    0.000000    0.000000    0.000000    0.000000    0.000000    0.000000    0.000000    0.012000    0.532000    0.999000    1.000000    1.000000    1.000000    1.000000    1.000000    1.000000    1.000000    1.000000    1.000000    1.000000    1.000000    1.000000    1.000000    1.000000    1.000000    1.000000    1.000000    1.000000    1.000000
    0.000000    0.000000    0.000000    0.000000    0.000000    0.000000    0.000000    0.000000    0.000000    0.000000    0.000000    0.000000    0.000000    0.000000    0.000000    0.003000    0.308000    0.958000    1.000000    1.000000    1.000000    1.000000    1.000000    1.000000    1.000000    1.000000    1.000000    1.000000    1.000000    1.000000    1.000000    1.000000    1.000000    1.000000    1.000000    1.000000    1.000000    1.000000
    0.000000    0.000000    0.000000    0.000000    0.000000    0.000000    0.000000    0.000000    0.000000    0.000000    0.000000    0.000000    0.000000    0.000000    0.000000    0.000000    0.000000    0.013000    0.720000    0.998000    1.000000    1.000000    1.000000    1.000000    1.000000    1.000000    1.000000    1.000000    1.000000    1.000000    1.000000    1.000000    1.000000    1.000000    1.000000    1.000000    1.000000    1.000000
    0.000000    0.000000    0.000000    0.000000    0.000000    0.000000    0.000000    0.000000    0.000000    0.000000    0.000000    0.000000    0.000000    0.000000    0.000000    0.000000    0.090000    0.806000    1.000000    1.000000    1.000000    1.000000    1.000000    1.000000    1.000000    1.000000    1.000000    1.000000    1.000000    1.000000    1.000000    1.000000    1.000000    1.000000    1.000000    1.000000    1.000000    1.000000
    0.000000    0.000000    0.000000    0.000000    0.000000    0.000000    0.000000    0.000000    0.000000    0.000000    0.000000    0.000000    0.000000    0.000000    0.000000    0.000000    0.000000    0.000000    0.244000    0.938000    1.000000    1.000000    1.000000    1.000000    1.000000    1.000000    1.000000    1.000000    1.000000    1.000000    1.000000    1.000000    1.000000    1.000000    1.000000    1.000000    1.000000    1.000000
    0.000000    0.000000    0.000000    0.000000    0.000000    0.000000    0.000000    0.000000    0.000000    0.000000    0.000000    0.000000    0.000000    0.000000    0.000000    0.000000    0.109000    0.824000    1.000000    1.000000    1.000000    1.000000    1.000000    1.000000    1.000000    1.000000    1.000000    1.000000    1.000000    1.000000    1.000000    1.000000    1.000000    1.000000    1.000000    1.000000    1.000000    1.000000
    0.000000    0.000000    0.000000    0.000000    0.000000    0.000000    0.000000    0.000000    0.000000    0.000000    0.000000    0.000000    0.000000    0.000000    0.000000    0.000000    0.000000    0.003000    0.477000    0.967000    1.000000    1.000000    1.000000    1.000000    1.000000    1.000000    1.000000    1.000000    1.000000    1.000000    1.000000    1.000000    1.000000    1.000000    1.000000    1.000000    1.000000    1.000000
    0.000000    0.000000    0.000000    0.000000    0.000000    0.000000    0.000000    0.000000    0.000000    0.000000    0.000000    0.000000    0.000000    0.000000    0.000000    0.000000    0.000000    0.000000    0.005000    0.330000    0.906000    1.000000    1.000000    1.000000    1.000000    1.000000    1.000000    1.000000    1.000000    1.000000    1.000000    1.000000    1.000000    1.000000    1.000000    1.000000    1.000000    1.000000
    0.000000    0.000000    0.000000    0.000000    0.000000    0.000000    0.000000    0.000000    0.000000    0.000000    0.000000    0.000000    0.000000    0.000000    0.000000    0.000000    0.025000    0.466000    0.998000    1.000000    1.000000    1.000000    1.000000    1.000000    1.000000    1.000000    1.000000    1.000000    1.000000    1.000000    1.000000    1.000000    1.000000    1.000000    1.000000    1.000000    1.000000    1.000000
    0.000000    0.000000    0.000000    0.000000    0.000000    0.000000    0.000000    0.000000    0.000000    0.000000    0.000000    0.000000    0.000000    0.000000    0.000000    0.000000    0.000000    0.000000    0.225000    0.897000    1.000000    1.000000    1.000000    1.000000    1.000000    1.000000    1.000000    1.000000    1.000000    1.000000    1.000000    1.000000    1.000000    1.000000    1.000000    1.000000    1.000000    1.000000
    0.000000    0.000000    0.000000    0.000000    0.000000    0.000000    0.000000    0.000000    0.000000    0.000000    0.000000    0.000000    0.000000    0.000000    0.000000    0.000000    0.000000    0.000000    0.354000    0.949000    0.999000    1.000000    1.000000    1.000000    1.000000    1.000000    1.000000    1.000000    1.000000    1.000000    1.000000    1.000000    1.000000    1.000000    1.000000    1.000000    1.000000    1.000000
    0.000000    0.000000    0.000000    0.000000    0.000000    0.000000    0.000000    0.000000    0.000000    0.000000    0.000000    0.000000    0.000000    0.000000    0.000000    0.016000    0.362000    0.970000    1.000000    1.000000    1.000000    1.000000    1.000000    1.000000    1.000000    1.000000    1.000000    1.000000    1.000000    1.000000    1.000000    1.000000    1.000000    1.000000    1.000000    1.000000    1.000000    1.000000
    0.000000    0.000000    0.000000    0.000000    0.000000    0.000000    0.000000    0.000000    0.000000    0.000000    0.000000    0.000000    0.000000    0.000000    0.000000    0.000000    0.008000    0.452000    0.999000    1.000000    1.000000    1.000000    1.000000    1.000000    1.000000    1.000000    1.000000    1.000000    1.000000    1.000000    1.000000    1.000000    1.000000    1.000000    1.000000    1.000000    1.000000    1.000000
    0.000000    0.000000    0.000000    0.000000    0.000000    0.000000    0.000000    0.000000    0.000000    0.000000    0.000000    0.000000    0.000000    0.000000    0.000000    0.004000    0.164000    0.894000    1.000000    1.000000    1.000000    1.000000    1.000000    1.000000    1.000000    1.000000    1.000000    1.000000    1.000000    1.000000    1.000000    1.000000    1.000000    1.000000    1.000000    1.000000    1.000000    1.000000
    0.000000    0.000000    0.000000    0.000000    0.000000    0.000000    0.000000    0.000000    0.000000    0.000000    0.000000    0.000000    0.000000    0.000000    0.000000    0.000000    0.000000    0.000000    0.198000    0.878000    1.000000    1.000000    1.000000    1.000000    1.000000    1.000000    1.000000    1.000000    1.000000    1.000000    1.000000    1.000000    1.000000    1.000000    1.000000    1.000000    1.000000    1.000000
    0.000000    0.000000    0.000000    0.000000    0.000000    0.000000    0.000000    0.000000    0.000000    0.000000    0.000000    0.000000    0.000000    0.000000    0.000000    0.000000    0.000000    0.000000    0.046000    0.612000    0.985000    1.000000    1.000000    1.000000    1.000000    1.000000    1.000000    1.000000    1.000000    1.000000    1.000000    1.000000    1.000000    1.000000    1.000000    1.000000    1.000000    1.000000
    0.000000    0.000000    0.000000    0.000000    0.000000    0.000000    0.000000    0.000000    0.000000    0.000000    0.000000    0.000000    0.000000    0.000000    0.000000    0.000000    0.116000    0.861000    1.000000    1.000000    1.000000    1.000000    1.000000    1.000000    1.000000    1.000000    1.000000    1.000000    1.000000    1.000000    1.000000    1.000000    1.000000    1.000000    1.000000    1.000000    1.000000    1.000000
    0.000000    0.000000    0.000000    0.000000    0.000000    0.000000    0.000000    0.000000    0.000000    0.000000    0.000000    0.000000    0.000000    0.000000    0.000000    0.000000    0.023000    0.606000    1.000000    1.000000    1.000000    1.000000    1.000000    1.000000    1.000000    1.000000    1.000000    1.000000    1.000000    1.000000    1.000000    1.000000    1.000000    1.000000    1.000000    1.000000    1.000000    1.000000
    0.000000    0.000000    0.000000    0.000000    0.000000    0.000000    0.000000    0.000000    0.000000    0.000000    0.000000    0.000000    0.000000    0.000000    0.000000    0.000000    0.000000    0.007000    0.741000    0.995000    1.000000    1.000000    1.000000    1.000000    1.000000    1.000000    1.000000    1.000000    1.000000    1.000000    1.000000    1.000000    1.000000    1.000000    1.000000    1.000000    1.000000    1.000000
    0.000000    0.000000    0.000000    0.000000    0.000000    0.000000    0.000000    0.000000    0.000000    0.000000    0.000000    0.000000    0.000000    0.000000    0.000000    0.000000    0.001000    0.201000    0.977000    1.000000    1.000000    1.000000    1.000000    1.000000    1.000000    1.000000    1.000000    1.000000    1.000000    1.000000    1.000000    1.000000    1.000000    1.000000    1.000000    1.000000    1.000000    1.000000
    0.000000    0.000000    0.000000    0.000000    0.000000    0.000000    0.000000    0.000000    0.000000    0.000000    0.000000    0.000000    0.000000    0.000000    0.000000    0.000000    0.000000    0.004000    0.704000    0.994000    1.000000    1.000000    1.000000    1.000000    1.000000    1.000000    1.000000    1.000000    1.000000    1.000000    1.000000    1.000000    1.000000    1.000000    1.000000    1.000000    1.000000    1.000000
    0.000000    0.000000    0.000000    0.000000    0.000000    0.000000    0.000000    0.000000    0.000000    0.000000    0.000000    0.000000    0.000000    0.000000    0.000000    0.000000    0.000000    0.000000    0.123000    0.844000    0.996000    1.000000    1.000000    1.000000    1.000000    1.000000    1.000000    1.000000    1.000000    1.000000    1.000000    1.000000    1.000000    1.000000    1.000000    1.000000    1.000000    1.000000
    0.000000    0.000000    0.000000    0.000000    0.000000    0.000000    0.000000    0.000000    0.000000    0.000000    0.000000    0.000000    0.000000    0.000000    0.000000    0.000000    0.000000    0.053000    0.912000    0.999000    1.000000    1.000000    1.000000    1.000000    1.000000    1.000000    1.000000    1.000000    1.000000    1.000000    1.000000    1.000000    1.000000    1.000000    1.000000    1.000000    1.000000    1.000000
    0.000000    0.000000    0.000000    0.000000    0.000000    0.000000    0.000000    0.000000    0.000000    0.000000    0.000000    0.000000    0.000000    0.000000    0.000000    0.000000    0.018000    0.509000    0.996000    1.000000    1.000000    1.000000    1.000000    1.000000    1.000000    1.000000    1.000000    1.000000    1.000000    1.000000    1.000000    1.000000    1.000000    1.000000    1.000000    1.000000    1.000000    1.000000
    0.000000    0.000000    0.000000    0.000000    0.000000    0.000000    0.000000    0.000000    0.000000    0.000000    0.000000    0.000000    0.000000    0.000000    0.000000    0.000000    0.006000    0.344000    0.990000    1.000000    1.000000    1.000000    1.000000    1.000000    1.000000    1.000000    1.000000    1.000000    1.000000    1.000000    1.000000    1.000000    1.000000    1.000000    1.000000    1.000000    1.000000    1.000000
    0.000000    0.000000    0.000000    0.000000    0.000000    0.000000    0.000000    0.000000    0.000000    0.000000    0.000000    0.000000    0.000000    0.000000    0.000000    0.000000    0.000000    0.126000    0.969000    1.000000    1.000000    1.000000    1.000000    1.000000    1.000000    1.000000    1.000000    1.000000    1.000000    1.000000    1.000000    1.000000    1.000000    1.000000    1.000000    1.000000    1.000000    1.000000
    0.000000    0.000000    0.000000    0.000000    0.000000    0.000000    0.000000    0.000000    0.000000    0.000000    0.000000    0.000000    0.000000    0.000000    0.000000    0.000000    0.120000    0.825000    1.000000    1.000000    1.000000    1.000000    1.000000    1.000000    1.000000    1.000000    1.000000    1.000000    1.000000    1.000000    1.000000    1.000000    1.000000    1.000000    1.000000    1.000000    1.000000    1.000000
    0.000000    0.000000    0.000000    0.000000    0.000000    0.000000    0.000000    0.000000    0.000000    0.000000    0.000000    0.000000    0.000000    0.000000    0.000000    0.000000    0.001000    0.102000    0.932000    1.000000    1.000000    1.000000    1.000000    1.000000    1.000000    1.000000    1.000000    1.000000    1.000000    1.000000    1.000000    1.000000    1.000000    1.000000    1.000000    1.000000    1.000000    1.000000
    0.000000    0.000000    0.000000    0.000000    0.000000    0.000000    0.000000    0.000000    0.000000    0.000000    0.000000    0.000000    0.000000    0.000000    0.000000    0.000000    0.024000    0.549000    0.999000    1.000000    1.000000    1.000000    1.000000    1.000000    1.000000    1.000000    1.000000    1.000000    1.000000    1.000000    1.000000    1.000000    1.000000    1.000000    1.000000    1.000000    1.000000    1.000000
    0.000000    0.000000    0.000000    0.000000    0.000000    0.000000    0.000000    0.000000    0.000000    0.000000    0.000000    0.000000    0.000000    0.000000    0.000000    0.000000    0.000000    0.000000    0.113000    0.830000    0.996000    1.000000    1.000000    1.000000    1.000000    1.000000    1.000000    1.000000    1.000000    1.000000    1.000000    1.000000    1.000000    1.000000    1.000000    1.000000    1.000000    1.000000
    0.000000    0.000000    0.000000    0.000000    0.000000    0.000000    0.000000    0.000000    0.000000    0.000000    0.000000    0.000000    0.000000    0.000000    0.000000    0.000000    0.000000    0.001000    0.448000    0.981000    1.000000    1.000000    1.000000    1.000000    1.000000    1.000000    1.000000    1.000000    1.000000    1.000000    1.000000    1.000000    1.000000    1.000000    1.000000    1.000000    1.000000    1.000000
    0.000000    0.000000    0.000000    0.000000    0.000000    0.000000    0.000000    0.000000    0.000000    0.000000    0.000000    0.000000    0.000000    0.000000    0.000000    0.000000    0.001000    0.140000    0.973000    1.000000    1.000000    1.000000    1.000000    1.000000    1.000000    1.000000    1.000000    1.000000    1.000000    1.000000    1.000000    1.000000    1.000000    1.000000    1.000000    1.000000    1.000000    1.000000
    0.000000    0.000000    0.000000    0.000000    0.000000    0.000000    0.000000    0.000000    0.000000    0.000000    0.000000    0.000000    0.000000    0.000000    0.000000    0.000000    0.000000    0.000000    0.363000    0.956000    1.000000    1.000000    1.000000    1.000000    1.000000    1.000000    1.000000    1.000000    1.000000    1.000000    1.000000    1.000000    1.000000    1.000000    1.000000    1.000000    1.000000    1.000000
    0.000000    0.000000    0.000000    0.000000    0.000000    0.000000    0.000000    0.000000    0.000000    0.000000    0.000000    0.000000    0.000000    0.000000    0.000000    0.000000    0.000000    0.116000    0.968000    1.000000    1.000000    1.000000    1.000000    1.000000    1.000000    1.000000    1.000000    1.000000    1.000000    1.000000    1.000000    1.000000    1.000000    1.000000    1.000000    1.000000    1.000000    1.000000
    0.000000    0.000000    0.000000    0.000000    0.000000    0.000000    0.000000    0.000000    0.000000    0.000000    0.000000    0.000000    0.000000    0.000000    0.000000    0.000000    0.000000    0.002000    0.604000    0.992000    1.000000    1.000000    1.000000    1.000000    1.000000    1.000000    1.000000    1.000000    1.000000    1.000000    1.000000    1.000000    1.000000    1.000000    1.000000    1.000000    1.000000    1.000000
    0.000000    0.000000    0.000000    0.000000    0.000000    0.000000    0.000000    0.000000    0.000000    0.000000    0.000000    0.000000    0.000000    0.000000    0.000000    0.000000    0.000000    0.012000    0.710000    0.992000    1.000000    1.000000    1.000000    1.000000    1.000000    1.000000    1.000000    1.000000    1.000000    1.000000    1.000000    1.000000    1.000000    1.000000    1.000000    1.000000    1.000000    1.000000
    0.000000    0.000000    0.000000    0.000000    0.000000    0.000000    0.000000    0.000000    0.000000    0.000000    0.000000    0.000000    0.000000    0.000000    0.000000    0.000000    0.031000    0.601000    1.000000    1.000000    1.000000    1.000000    1.000000    1.000000    1.000000    1.000000    1.000000    1.000000    1.000000    1.000000    1.000000    1.000000    1.000000    1.000000    1.000000    1.000000    1.000000    1.000000
    0.000000    0.000000    0.000000    0.000000    0.000000    0.000000    0.000000    0.000000    0.000000    0.000000    0.000000    0.000000    0.000000    0.000000    0.000000    0.000000    0.000000    0.103000    0.965000    1.000000    1.000000    1.000000    1.000000    1.000000    1.000000    1.000000    1.000000    1.000000    1.000000    1.000000    1.000000    1.000000    1.000000    1.000000    1.000000    1.000000    1.000000    1.000000
    0.000000    0.000000    0.000000    0.000000    0.000000    0.000000    0.000000    0.000000    0.000000    0.000000    0.000000    0.000000    0.000000    0.000000    0.000000    0.000000    0.000000    0.117000    0.957000    1.000000    1.000000    1.000000    1.000000    1.000000    1.000000    1.000000    1.000000    1.000000    1.000000    1.000000    1.000000    1.000000    1.000000    1.000000    1.000000    1.000000    1.000000    1.000000
    0.000000    0.000000    0.000000    0.000000    0.000000    0.000000    0.000000    0.000000    0.000000    0.000000    0.000000    0.000000    0.000000    0.000000    0.000000    0.000000    0.000000    0.014000    0.782000    1.000000    1.000000    1.000000    1.000000    1.000000    1.000000    1.000000    1.000000    1.000000    1.000000    1.000000    1.000000    1.000000    1.000000    1.000000    1.000000    1.000000    1.000000    1.000000
    0.000000    0.000000    0.000000    0.000000    0.000000    0.000000    0.000000    0.000000    0.000000    0.000000    0.000000    0.000000    0.000000    0.000000    0.000000    0.000000    0.000000    0.004000    0.574000    0.987000    1.000000    1.000000    1.000000    1.000000    1.000000    1.000000    1.000000    1.000000    1.000000    1.000000    1.000000    1.000000    1.000000    1.000000    1.000000    1.000000    1.000000    1.000000
    0.000000    0.000000    0.000000    0.000000    0.000000    0.000000    0.000000    0.000000    0.000000    0.000000    0.000000    0.000000    0.000000    0.000000    0.000000    0.000000    0.004000    0.253000    0.985000    1.000000    1.000000    1.000000    1.000000    1.000000    1.000000    1.000000    1.000000    1.000000    1.000000    1.000000    1.000000    1.000000    1.000000    1.000000    1.000000    1.000000    1.000000    1.000000
    0.000000    0.000000    0.000000    0.000000    0.000000    0.000000    0.000000    0.000000    0.000000    0.000000    0.000000    0.000000    0.000000    0.000000    0.000000    0.001000    0.046000    0.675000    1.000000    1.000000    1.000000    1.000000    1.000000    1.000000    1.000000    1.000000    1.000000    1.000000    1.000000    1.000000    1.000000    1.000000    1.000000    1.000000    1.000000    1.000000    1.000000    1.000000
    0.000000    0.000000    0.000000    0.000000    0.000000    0.000000    0.000000    0.000000    0.000000    0.000000    0.000000    0.000000    0.000000    0.000000    0.000000    0.055000    0.680000    0.995000    1.000000    1.000000    1.000000    1.000000    1.000000    1.000000    1.000000    1.000000    1.000000    1.000000    1.000000    1.000000    1.000000    1.000000    1.000000    1.000000    1.000000    1.000000    1.000000    1.000000
    0.000000    0.000000    0.000000    0.000000    0.000000    0.000000    0.000000    0.000000    0.000000    0.000000    0.000000    0.000000    0.000000    0.000000    0.000000    0.000000    0.021000    0.552000    0.999000    1.000000    1.000000    1.000000    1.000000    1.000000    1.000000    1.000000    1.000000    1.000000    1.000000    1.000000    1.000000    1.000000    1.000000    1.000000    1.000000    1.000000    1.000000    1.000000
    0.000000    0.000000    0.000000    0.000000    0.000000    0.000000    0.000000    0.000000    0.000000    0.000000    0.000000    0.000000    0.000000    0.000000    0.000000    0.000000    0.000000    0.000000    0.498000    0.975000    0.999000    1.000000    1.000000    1.000000    1.000000    1.000000    1.000000    1.000000    1.000000    1.000000    1.000000    1.000000    1.000000    1.000000    1.000000    1.000000    1.000000    1.000000
    0.000000    0.000000    0.000000    0.000000    0.000000    0.000000    0.000000    0.000000    0.000000    0.000000    0.000000    0.000000    0.000000    0.000000    0.000000    0.002000    0.043000    0.715000    1.000000    1.000000    1.000000    1.000000    1.000000    1.000000    1.000000    1.000000    1.000000    1.000000    1.000000    1.000000    1.000000    1.000000    1.000000    1.000000    1.000000    1.000000    1.000000    1.000000
    0.000000    0.000000    0.000000    0.000000    0.000000    0.000000    0.000000    0.000000    0.000000    0.000000    0.000000    0.000000    0.000000    0.000000    0.000000    0.000000    0.000000    0.005000    0.579000    0.985000    1.000000    1.000000    1.000000    1.000000    1.000000    1.000000    1.000000    1.000000    1.000000    1.000000    1.000000    1.000000    1.000000    1.000000    1.000000    1.000000    1.000000    1.000000
    0.000000    0.000000    0.000000    0.000000    0.000000    0.000000    0.000000    0.000000    0.000000    0.000000    0.000000    0.000000    0.000000    0.000000    0.000000    0.000000    0.000000    0.175000    0.980000    1.000000    1.000000    1.000000    1.000000    1.000000    1.000000    1.000000    1.000000    1.000000    1.000000    1.000000    1.000000    1.000000    1.000000    1.000000    1.000000    1.000000    1.000000    1.000000
    0.000000    0.000000    0.000000    0.000000    0.000000    0.000000    0.000000    0.000000    0.000000    0.000000    0.000000    0.000000    0.000000    0.000000    0.000000    0.000000    0.000000    0.076000    0.938000    1.000000    1.000000    1.000000    1.000000    1.000000    1.000000    1.000000    1.000000    1.000000    1.000000    1.000000    1.000000    1.000000    1.000000    1.000000    1.000000    1.000000    1.000000    1.000000
    0.000000    0.000000    0.000000    0.000000    0.000000    0.000000    0.000000    0.000000    0.000000    0.000000    0.000000    0.000000    0.000000    0.000000    0.000000    0.000000    0.000000    0.000000    0.155000    0.834000    0.997000    1.000000    1.000000    1.000000    1.000000    1.000000    1.000000    1.000000    1.000000    1.000000    1.000000    1.000000    1.000000    1.000000    1.000000    1.000000    1.000000    1.000000
    0.000000    0.000000    0.000000    0.000000    0.000000    0.000000    0.000000    0.000000    0.000000    0.000000    0.000000    0.000000    0.000000    0.000000    0.000000    0.000000    0.001000    0.188000    0.963000    1.000000    1.000000    1.000000    1.000000    1.000000    1.000000    1.000000    1.000000    1.000000    1.000000    1.000000    1.000000    1.000000    1.000000    1.000000    1.000000    1.000000    1.000000    1.000000
    0.000000    0.000000    0.000000    0.000000    0.000000    0.000000    0.000000    0.000000    0.000000    0.000000    0.000000    0.000000    0.000000    0.000000    0.000000    0.000000    0.027000    0.593000    1.000000    1.000000    1.000000    1.000000    1.000000    1.000000    1.000000    1.000000    1.000000    1.000000    1.000000    1.000000    1.000000    1.000000    1.000000    1.000000    1.000000    1.000000    1.000000    1.000000
    0.000000    0.000000    0.000000    0.000000    0.000000    0.000000    0.000000    0.000000    0.000000    0.000000    0.000000    0.000000    0.000000    0.000000    0.000000    0.000000    0.096000    0.820000    1.000000    1.000000    1.000000    1.000000    1.000000    1.000000    1.000000    1.000000    1.000000    1.000000    1.000000    1.000000    1.000000    1.000000    1.000000    1.000000    1.000000    1.000000    1.000000    1.000000
    0.000000    0.000000    0.000000    0.000000    0.000000    0.000000    0.000000    0.000000    0.000000    0.000000    0.000000    0.000000    0.000000    0.000000    0.000000    0.000000    0.000000    0.006000    0.684000    0.989000    1.000000    1.000000    1.000000    1.000000    1.000000    1.000000    1.000000    1.000000    1.000000    1.000000    1.000000    1.000000    1.000000    1.000000    1.000000    1.000000    1.000000    1.000000
    0.000000    0.000000    0.000000    0.000000    0.000000    0.000000    0.000000    0.000000    0.000000    0.000000    0.000000    0.000000    0.000000    0.000000    0.000000    0.000000    0.012000    0.394000    0.999000    1.000000    1.000000    1.000000    1.000000    1.000000    1.000000    1.000000    1.000000    1.000000    1.000000    1.000000    1.000000    1.000000    1.000000    1.000000    1.000000    1.000000    1.000000    1.000000
    0.000000    0.000000    0.000000    0.000000    0.000000    0.000000    0.000000    0.000000    0.000000    0.000000    0.000000    0.000000    0.000000    0.000000    0.000000    0.000000    0.001000    0.213000    0.990000    1.000000    1.000000    1.000000    1.000000    1.000000    1.000000    1.000000    1.000000    1.000000    1.000000    1.000000    1.000000    1.000000    1.000000    1.000000    1.000000    1.000000    1.000000    1.000000
    0.000000    0.000000    0.000000    0.000000    0.000000    0.000000    0.000000    0.000000    0.000000    0.000000    0.000000    0.000000    0.000000    0.000000    0.000000    0.000000    0.000000    0.000000    0.225000    0.925000    1.000000    1.000000    1.000000    1.000000    1.000000    1.000000    1.000000    1.000000    1.000000    1.000000    1.000000    1.000000    1.000000    1.000000    1.000000    1.000000    1.000000    1.000000
    0.000000    0.000000    0.000000    0.000000    0.000000    0.000000    0.000000    0.000000    0.000000    0.000000    0.000000    0.000000    0.000000    0.000000    0.000000    0.000000    0.000000    0.000000    0.249000    0.888000    0.999000    1.000000    1.000000    1.000000    1.000000    1.000000    1.000000    1.000000    1.000000    1.000000    1.000000    1.000000    1.000000    1.000000    1.000000    1.000000    1.000000    1.000000
    0.000000    0.000000    0.000000    0.000000    0.000000    0.000000    0.000000    0.000000    0.000000    0.000000    0.000000    0.000000    0.000000    0.000000    0.000000    0.000000    0.084000    0.771000    1.000000    1.000000    1.000000    1.000000    1.000000    1.000000    1.000000    1.000000    1.000000    1.000000    1.000000    1.000000    1.000000    1.000000    1.000000    1.000000    1.000000    1.000000    1.000000    1.000000
    0.000000    0.000000    0.000000    0.000000    0.000000    0.000000    0.000000    0.000000    0.000000    0.000000    0.000000    0.000000    0.000000    0.000000    0.000000    0.000000    0.005000    0.319000    0.997000    1.000000    1.000000    1.000000    1.000000    1.000000    1.000000    1.000000    1.000000    1.000000    1.000000    1.000000    1.000000    1.000000    1.000000    1.000000    1.000000    1.000000    1.000000    1.000000
    0.000000    0.000000    0.000000    0.000000    0.000000    0.000000    0.000000    0.000000    0.000000    0.000000    0.000000    0.000000    0.000000    0.000000    0.000000    0.000000    0.000000    0.078000    0.953000    1.000000    1.000000    1.000000    1.000000    1.000000    1.000000    1.000000    1.000000    1.000000    1.000000    1.000000    1.000000    1.000000    1.000000    1.000000    1.000000    1.000000    1.000000    1.000000
    0.000000    0.000000    0.000000    0.000000    0.000000    0.000000    0.000000    0.000000    0.000000    0.000000    0.000000    0.000000    0.000000    0.000000    0.000000    0.000000    0.015000    0.487000    1.000000    1.000000    1.000000    1.000000    1.000000    1.000000    1.000000    1.000000    1.000000    1.000000    1.000000    1.000000    1.000000    1.000000    1.000000    1.000000    1.000000    1.000000    1.000000    1.000000
    0.000000    0.000000    0.000000    0.000000    0.000000    0.000000    0.000000    0.000000    0.000000    0.000000    0.000000    0.000000    0.000000    0.000000    0.000000    0.000000    0.006000    0.202000    0.958000    1.000000    1.000000    1.000000    1.000000    1.000000    1.000000    1.000000    1.000000    1.000000    1.000000    1.000000    1.000000    1.000000    1.000000    1.000000    1.000000    1.000000    1.000000    1.000000
